101
101
-67 22 -16 -78 -91 48 -5 53 97 -99 -70 -96 21 -49 -66 90 -71 -68 71 0 67 21 -64 -30 -54 -8 73 3 -100 -45 46 -28 56 7 30 35 65 -51 8 -19 98 -44 33 -7 29 -57 46 51 -36 -26 5 10 77 52 -9 -79 58 22 -7 -1 54 -39 -91 -17 94 -87 -75 19 -72 18 -8 -30 80 77 20 -61 -38 31 79 -51 -72 -55 48 -46 -27 23 69 64 4 -18 -86 -25 -60 64 -32 26 64 -47 -12 -79 34 
71 36 -53 65 18 -55 58 -88 -16 -40 -7 -23 -53 92 57 90 -40 100 -96 80 -64 53 10 72 99 -43 11 33 47 -22 64 -54 -34 64 87 -7 32 51 59 -99 24 -98 55 13 8 2 -92 -54 59 11 -66 88 -87 52 98 88 33 -31 -40 82 59 77 -15 48 26 -76 -19 8 65 89 -23 -50 97 7 -42 -9 -88 61 -92 98 -3 -28 -39 -5 66 -39 -92 -15 -14 -22 30 -31 85 70 33 -55 -78 61 100 -5 -89 
65 79 63 94 39 -10 21 -14 78 36 76 -99 62 70 -50 -78 23 -18 -55 -17 77 -1 50 90 -38 23 100 -72 -8 -32 18 -25 -26 54 -25 -53 -10 42 27 -65 -43 -56 18 -11 -94 -32 -70 98 79 -79 44 50 -55 -29 -42 -75 -45 -70 30 -25 95 94 23 -13 -95 68 -21 8 29 67 -51 76 -89 89 -53 63 74 -27 -63 56 -97 -60 96 92 90 -63 -86 -95 43 -18 35 5 -34 60 7 -83 -68 15 -31 45 38 
92 50 -32 36 -78 -84 -36 69 83 -59 72 -18 1 -46 15 -100 -79 -57 97 65 88 33 33 -20 -83 47 85 81 71 78 52 51 -8 -80 -30 -92 88 -28 87 36 32 94 -45 58 14 -1 -47 -45 86 -96 -75 -70 1 -31 -8 32 60 38 67 72 -13 42 84 -29 -79 -78 -98 46 31 -59 97 100 -62 63 80 -22 -21 -22 4 -74 79 -61 36 -97 -29 63 -46 -95 64 60 54 -51 29 -48 23 70 43 -93 16 -50 32 
95 4 -3 62 -80 78 57 92 36 -32 82 -31 11 39 85 57 -85 -86 -42 -100 -69 79 -95 -14 -25 -62 -25 -23 83 83 -91 -37 -93 80 -78 -52 2 81 -52 80 -90 -92 34 -14 -72 -84 77 93 -76 -3 -24 43 -5 4 -36 83 -61 10 56 27 -83 -79 -83 -86 -94 -10 17 -37 84 -14 -80 -15 57 -76 -100 -85 -97 -52 82 74 64 -59 78 81 64 -99 -88 3 -86 -38 2 54 80 75 -54 1 79 7 -45 34 71 
-64 -84 -27 -45 16 -71 7 23 7 -64 5 -86 56 75 -80 96 78 34 -73 -51 97 41 86 89 -99 -98 74 15 -9 -13 -72 68 91 -84 -26 -67 27 -16 -76 -27 97 -44 -85 -77 -38 22 1 -75 68 -6 22 91 -93 71 -57 37 -83 35 -24 -90 -30 -24 20 18 1 -91 -62 -99 -64 60 23 -57 -71 65 -97 62 11 63 87 -92 -23 -56 72 -90 27 63 -67 26 98 -95 17 62 -57 3 5 -21 87 -80 -13 96 49 
-28 -83 -97 -40 88 -10 -81 -68 -73 -94 99 86 -18 -96 -79 -94 40 16 64 58 9 86 -1 76 -39 -67 -31 -52 86 -11 62 -84 64 -73 -98 -54 100 -96 -78 77 -80 -88 77 -19 34 -100 42 70 -18 -41 75 29 99 9 50 -54 -33 68 2 33 -38 67 76 63 94 -93 5 31 -15 -74 -77 57 28 -20 -12 27 -66 65 85 11 -30 -54 23 88 100 -84 76 47 31 -82 -32 60 -3 -92 -33 22 35 -100 56 36 46 
-65 23 -27 -66 -100 85 80 -97 -71 59 -51 -62 77 33 3 32 87 -61 87 84 91 -80 43 -63 -35 -19 81 -45 -17 -16 -19 20 16 79 84 25 -82 -75 -97 18 35 63 64 -81 -5 -9 -80 49 14 -84 99 -44 -9 64 -71 -17 78 -60 -63 -81 -3 31 -23 -45 60 -30 15 -84 -14 93 100 -26 -94 -50 -25 -44 -83 21 35 -97 -33 -31 88 -27 2 -41 52 -28 39 96 -29 -71 -98 43 -20 -86 47 84 -59 -75 -27 
32 -42 -43 -45 65 8 29 81 -7 66 -88 81 84 95 -14 -80 90 5 -5 86 -44 14 -18 -70 55 -95 -55 0 61 -58 -85 1 -68 -45 -98 -85 -32 -89 -62 37 -71 -3 12 -84 76 42 -45 99 50 -46 27 -88 83 73 -59 -28 3 -58 52 39 -16 -16 20 86 -99 -38 -29 7 -16 -45 23 83 85 -57 -5 53 44 56 -19 -40 45 60 -53 -5 -75 52 -96 -25 44 9 -63 88 -40 -6 -22 37 -10 -14 -64 -61 78 
65 -26 34 69 17 96 36 -4 -59 34 -10 38 32 77 98 25 68 12 -17 -99 53 -66 68 -61 77 -36 59 -55 13 50 5 34 -59 -11 98 -28 74 96 69 75 -31 -42 -2 90 19 -31 83 -48 46 30 -80 -100 27 47 -40 33 -61 -34 65 4 -9 67 55 81 -72 -5 -91 -89 16 50 24 89 17 92 -37 -90 -44 -72 -66 -81 2 -41 80 13 4 63 55 -67 -5 39 -70 -29 -69 68 -19 -30 -48 -92 32 92 19 
4 -60 5 -46 -70 -47 17 -96 45 35 -83 3 27 58 -41 -94 51 59 21 -97 -85 15 34 -97 -58 93 -67 97 81 81 -66 -78 34 1 100 -8 83 -40 -8 -18 -28 -34 -2 -85 9 52 89 -15 78 -69 -35 -6 -46 -79 70 -88 92 69 87 -90 56 84 83 -74 -60 27 45 -43 -43 -59 -64 25 7 -98 -88 7 100 66 -7 94 62 -36 6 -65 19 -39 92 10 -90 89 81 -60 -82 -95 -59 14 55 17 64 73 74 
56 22 69 -68 92 -76 -51 13 79 -17 -15 97 100 -31 66 -77 -16 -73 32 -73 -88 -13 -29 36 12 -12 44 30 -98 31 -45 39 -16 -51 -74 -68 -59 -52 99 -24 -66 60 -19 70 98 52 -61 -4 60 -80 5 -38 -49 27 1 23 40 25 -32 -67 24 -38 46 -82 75 -46 -92 4 48 10 95 80 -73 13 87 -34 -94 30 -30 89 -91 99 -24 -65 -84 73 77 -92 37 68 -5 -58 20 -94 66 94 59 54 -35 -61 2 
66 69 81 -75 83 70 78 69 -80 -34 10 66 -64 -75 74 -57 -1 60 98 97 95 44 78 1 -25 10 -56 -61 -40 -7 -47 5 99 -67 -93 -40 31 75 72 40 76 75 -28 81 90 26 46 -74 -94 77 3 97 100 -4 36 32 -96 49 71 -81 -95 3 25 73 87 -29 -82 -17 -59 82 -12 19 0 -43 -28 -34 82 96 -75 -79 33 88 72 -16 2 63 82 -18 29 49 -3 59 -86 8 21 -21 57 -78 94 52 89 
-15 -7 -22 -18 -54 25 -79 95 -99 -33 -21 -24 65 44 50 -46 -93 -6 -97 73 -50 91 27 -90 -68 -94 -99 -79 -92 -26 38 -3 -73 86 -25 -76 38 -82 -11 -10 94 34 -71 44 35 -1 100 16 98 -4 25 -41 -35 -18 61 2 -22 67 10 82 -87 8 -55 -98 71 -40 27 51 10 66 4 23 86 65 44 -92 -51 47 61 -23 89 -45 97 -45 39 -69 -65 42 -67 -61 12 -29 -66 78 -4 -17 -85 -20 -30 28 79 
11 -7 -99 98 54 47 -82 -96 -11 -2 46 -20 -64 45 74 45 76 -37 55 43 78 -71 51 -28 18 -1 47 -37 -21 -29 87 5 -28 77 -76 47 -90 -27 80 -34 4 -36 -5 -20 79 -41 -79 -30 -46 -19 -29 47 28 -48 54 85 -28 -17 93 -8 83 67 84 -43 93 36 16 -67 -33 -100 -50 -58 53 -59 99 -38 -35 -14 -67 88 -14 55 -89 15 55 46 -68 93 -58 1 -56 52 -30 -87 100 -64 17 29 -91 -97 41 
-34 58 -50 80 -28 91 -38 83 -69 -24 -50 -25 -17 71 73 -4 83 32 -99 48 -41 9 -8 -25 -84 14 -27 -75 -60 -15 0 42 74 -90 -29 -81 25 71 -8 -38 -50 5 -57 11 -4 47 85 15 -57 -99 -39 -15 10 -22 -22 31 11 83 47 25 86 -90 -27 -40 -51 46 -10 -81 15 54 -36 -95 -98 52 -61 43 -16 25 -90 22 -9 -98 -85 -94 -2 98 12 -3 -67 -36 -76 -83 37 64 23 98 -16 20 64 12 60 
20 -18 -69 67 -19 51 47 -7 33 61 -43 -69 -78 45 -8 -19 2 35 -31 62 73 57 -45 88 53 -55 -21 59 -87 -82 30 56 -90 -62 -98 57 -13 89 -63 85 48 88 31 72 -62 -16 10 54 74 -59 29 -67 17 -4 -37 15 15 -50 -73 47 -74 74 100 -76 -38 21 7 -46 -74 -78 39 55 97 20 -26 21 -97 -14 -87 15 -70 -17 5 54 77 50 43 -51 -84 83 54 -23 -100 -77 94 55 -29 -35 70 -30 -26 
39 -77 39 -32 1 -98 -35 -90 -45 -11 -16 82 -85 -18 39 -29 -85 91 22 32 -63 -69 6 25 -94 89 49 -50 91 -93 10 88 78 23 -37 81 11 -68 -19 -42 73 -20 99 98 -55 67 48 58 65 -98 48 -39 -54 -47 -11 70 38 79 -47 -8 81 -79 -71 99 -9 -81 -46 97 -5 76 20 76 -87 7 -54 37 28 -11 95 -18 93 8 49 -15 33 -67 85 83 -30 53 20 87 -77 13 19 67 23 9 -70 -53 -79 
77 -93 -74 -33 -18 62 99 69 -72 49 9 -11 26 69 -61 15 47 85 55 24 23 38 14 39 7 30 2 16 3 -96 90 66 -82 70 31 -16 -75 -17 -19 0 -15 -35 -33 -60 -67 19 21 92 93 -99 -78 68 -77 75 50 -24 -25 -48 19 -15 37 -79 -60 -47 49 23 49 32 7 38 -40 -18 23 85 -95 86 -82 43 -35 70 -88 -5 -10 -28 -1 80 -22 9 84 -16 -59 27 -88 6 -11 32 60 93 -10 -17 -18 
8 -71 -78 -99 -94 8 50 92 37 10 -3 31 -4 -38 -95 53 67 31 -99 78 36 98 42 -64 -23 -40 -83 -1 37 -30 21 -42 11 86 77 -90 35 -16 10 99 95 28 -61 -86 -73 -15 -50 -58 -67 -8 82 61 -25 -23 -37 9 26 91 18 -61 -19 70 57 67 42 -19 -93 -28 -64 48 81 -22 -93 -59 92 -26 -25 -66 79 -16 -74 59 16 -80 65 -22 32 6 -88 -57 -84 -80 37 73 -91 -20 84 93 79 -17 89 
10 -47 -47 24 -92 42 -57 70 45 68 -66 0 -37 50 -31 -91 77 -48 -97 -30 -80 -64 64 30 -48 22 75 -98 -51 -54 39 24 59 88 -95 -71 78 -90 65 46 49 19 35 -10 41 50 45 75 3 26 14 -27 -81 56 17 -42 74 -51 89 3 -30 -45 53 72 11 54 -41 -36 33 -32 -58 52 -22 72 -41 20 -19 43 -38 91 -19 71 17 11 -90 -66 44 -4 4 7 36 -39 -97 1 -88 -38 -25 84 -94 -36 -75 
2 66 81 68 78 60 -41 -16 6 28 96 32 -63 -33 -73 5 -32 -71 10 -48 30 87 -61 -40 12 55 -26 -37 38 -78 84 25 55 28 -20 100 86 -82 -59 60 -88 87 -22 23 91 -14 -72 15 -3 15 -89 -22 63 -67 -51 36 14 23 81 42 39 -47 83 -86 -60 50 62 -100 -95 -48 -31 98 -96 -61 45 -62 -100 41 71 6 4 -35 -58 30 79 51 -35 -17 -48 71 -83 87 15 -82 -36 11 -15 16 18 94 -70 
-98 90 -32 -41 34 72 80 76 64 64 57 -46 23 -70 -79 -6 -57 82 -24 -39 -69 -91 -22 13 -10 30 61 -21 -1 78 -40 20 -17 26 0 90 11 18 -37 -26 -21 100 34 46 63 -20 -89 13 88 100 65 96 -29 11 -30 44 -31 -44 -11 -45 94 27 -1 63 -11 -42 86 56 -94 80 -64 -6 82 -28 94 46 72 -19 -44 91 12 -79 12 -77 -96 -49 85 -52 79 -29 70 66 -100 69 9 30 -13 2 28 -58 -10 
-92 54 -92 -34 -74 65 -21 30 16 33 9 -91 61 93 39 65 99 -70 -28 90 22 71 -39 9 82 57 -19 -6 -59 -47 100 70 -1 -38 -60 99 -86 -40 16 17 37 66 87 0 81 -34 33 45 -85 -63 -85 84 -23 -14 61 -52 -79 -18 9 -82 -18 -73 48 -31 70 -49 42 -84 -69 -96 -1 -84 -64 99 66 71 21 -49 53 -24 -33 38 -73 -84 29 29 87 -95 4 91 82 -47 79 -67 -6 88 -84 -6 62 39 -99 
86 50 56 57 47 -86 -6 9 41 61 1 68 -63 62 -87 62 33 100 -25 -83 44 54 -79 -14 -54 45 -23 62 15 -57 23 -12 -29 -80 -46 81 12 26 75 88 26 89 85 -67 -100 19 -98 86 -8 5 -86 -24 -15 -46 19 -61 45 -25 -32 -8 -38 -4 2 -86 -84 -28 65 -43 -74 91 -18 72 98 -20 30 -41 5 47 -86 71 -87 54 1 -95 -61 -83 -15 -16 -30 30 -15 45 83 60 38 41 -46 81 -51 -6 -60 
30 13 48 21 -64 -73 52 17 -97 -27 -93 51 -62 -92 -70 -8 0 -52 -74 -3 -12 -17 80 -14 -62 37 -67 -95 -1 -54 6 74 -52 5 66 49 52 27 -40 -23 93 77 64 46 76 48 -56 -40 39 95 19 47 -4 93 92 5 72 94 -26 -9 32 61 -38 -84 -57 62 31 -80 91 72 22 -23 84 -69 -62 -46 -94 75 -66 28 51 18 -37 9 -17 -68 59 85 54 -82 -46 93 4 -10 -31 -87 55 -90 84 56 25 
21 28 56 -71 -88 13 -6 -39 -62 57 -23 100 55 -50 46 31 87 24 69 13 -99 -12 -74 -61 -87 -39 3 86 -37 20 -93 -22 -83 -58 56 -96 77 36 -40 96 17 -2 36 -95 -44 99 79 -23 -16 -100 -56 28 -22 -76 -31 5 -15 -34 -66 59 -9 31 -96 10 -84 -45 0 -13 59 -3 99 21 28 54 -63 -50 56 16 59 67 53 3 -96 32 64 -43 53 8 59 -62 -98 -41 1 -27 -61 -80 -14 34 65 -6 -63 
14 40 58 -35 83 28 68 -3 85 -58 -3 68 -52 -67 -8 -49 -14 5 -45 -57 -60 -42 -95 -99 -2 99 -8 -49 71 -61 -3 84 -95 -65 57 81 -54 -87 79 -61 97 77 17 -85 -90 98 -75 -36 27 32 -90 -29 37 -12 -45 59 -45 3 36 -14 100 96 -22 -76 75 -8 -94 57 5 -68 6 0 43 64 4 -90 -9 -82 -1 -69 7 -88 68 32 -47 36 -26 14 71 -49 83 88 -42 11 25 70 9 65 85 11 -69 
100 0 24 -55 49 26 10 -22 91 -89 49 -24 46 63 38 -37 42 -35 -31 -91 7 -71 -59 -52 7 -36 79 15 -4 35 -8 -49 71 -61 14 -63 67 1 -19 100 64 41 45 13 88 24 -72 -13 62 -24 0 49 -77 43 -92 11 -58 52 -25 50 -9 -67 -98 -90 89 -78 -16 -4 -3 -11 68 -23 -8 -63 -7 28 43 -11 -91 98 -77 11 64 72 79 77 1 -34 -32 25 -30 -1 68 -70 12 -17 -74 -85 -33 -77 -32 
-71 94 -44 79 78 -17 -30 68 -55 -71 -49 -46 -84 32 -2 -65 34 -50 25 84 9 100 9 52 30 -28 -51 -6 -44 -50 -77 81 -15 -99 68 54 -38 16 62 -39 33 -99 -33 -77 -35 -94 100 78 52 93 54 -75 -52 65 -15 97 -82 46 -39 -68 -100 59 69 -44 -45 -44 66 -84 60 -59 -85 -46 -92 -20 52 57 -19 -53 -9 35 -94 45 49 76 -29 -95 -47 3 -75 63 -91 68 -30 -100 0 -78 -72 54 -3 97 -22 
-90 62 93 33 -31 33 -69 -61 98 -65 98 68 -94 84 -43 -76 77 2 -62 55 3 58 -59 -14 -71 -92 45 6 46 -32 -46 78 46 73 98 -16 -69 8 -16 36 4 -93 -32 1 55 -76 -12 -31 11 9 -67 -31 10 -58 -82 46 -46 76 95 -48 95 98 -89 -90 71 -57 -12 19 14 -83 -9 -45 -67 37 -37 -74 -100 -58 9 94 -24 59 82 -98 -4 2 -4 72 -19 -87 -28 -82 -92 75 -77 -3 -70 81 29 -68 25 
-38 -14 83 -13 1 -58 1 -20 23 -11 74 63 84 35 -85 67 -59 29 89 39 27 3 29 -71 -89 -47 -46 -23 -35 -37 -63 49 -86 42 12 30 -79 48 -42 17 -5 88 90 65 66 -37 17 50 -91 -30 67 90 55 85 72 49 28 67 -69 -6 -91 -40 -26 -99 -40 -33 -23 -54 44 -83 -75 90 12 -74 82 -47 91 72 95 -99 -37 -56 26 81 -28 79 -36 86 40 75 -24 97 3 16 -38 -41 79 -85 -54 33 90 
78 21 -29 94 -9 43 -100 -72 -69 -61 -56 17 89 49 85 -56 -37 63 59 97 -35 -30 -31 -93 -25 89 95 29 26 -55 18 -69 22 -5 -10 91 62 -7 -48 -70 -48 -100 23 -74 49 -53 60 27 -6 -87 -66 -27 -83 -39 37 -51 -52 84 83 -52 64 47 2 -88 -61 86 -60 -54 -83 -85 -26 21 4 99 -33 -81 -39 61 29 -38 79 22 -95 -14 72 -89 -13 -14 12 -41 13 17 2 -100 -10 -7 87 28 87 -41 49 
-72 93 -54 87 -99 73 -16 -69 -100 -58 -25 45 -88 -70 74 -19 -94 57 -34 42 96 6 -32 84 -28 -14 38 -33 -58 66 84 6 -12 -32 47 36 -4 -1 32 58 -24 60 -19 83 -21 -48 -30 49 -79 32 -54 44 21 32 -27 16 37 -53 13 58 44 41 -98 74 -59 -81 -56 -12 -95 -67 -92 -31 15 57 80 -15 -1 -98 -97 31 3 -36 -19 74 -35 -3 74 -85 -32 60 81 -99 -67 16 42 -49 53 29 -89 -48 94 
55 -14 -93 -62 -27 92 -8 -94 49 75 -58 -84 53 57 -50 11 88 8 83 -13 73 5 -73 59 -5 -1 41 0 -30 -80 -40 -50 32 -6 -51 40 -55 -87 4 -44 17 -33 77 91 39 -20 17 89 33 -22 38 74 -30 -37 80 -44 -50 66 -73 -72 0 40 74 50 7 99 79 90 -49 -87 17 84 -73 -85 -16 -35 44 99 24 -86 51 36 10 -16 -73 54 -71 -63 -82 45 -62 57 64 11 88 -70 -11 -58 7 40 -36 
-11 52 16 79 -66 31 -21 -57 -48 -13 -20 -28 3 97 99 -97 -31 -83 -23 98 -27 -95 -50 89 3 11 78 -95 21 -72 -88 -76 -38 78 -4 20 17 -29 -75 -15 15 59 -1 14 -37 -57 -23 38 20 -40 -16 60 84 89 -51 -59 45 -93 -55 48 -49 -6 -46 98 -34 -75 16 -41 -98 40 65 -55 52 37 -88 36 68 89 -92 -75 -92 -62 -50 32 31 -26 90 46 -63 -20 -73 53 97 59 -36 -53 42 60 65 -22 67 
62 -15 -74 70 -68 5 88 -58 49 75 -80 14 35 65 -9 21 85 82 77 40 -3 -66 -57 57 36 -58 33 60 10 -39 -89 15 44 -24 68 73 -76 23 69 -30 -36 17 95 -38 21 -81 -53 -37 -17 7 63 38 26 20 22 76 68 58 32 82 -87 -4 -34 22 91 39 -13 -75 56 -33 -51 -57 44 -56 36 15 7 -30 31 -25 -46 -45 87 -37 -7 62 -72 -5 16 -28 -89 90 2 14 84 -40 46 17 0 -76 40 
70 84 29 8 -21 -13 -5 -74 -3 73 68 26 -91 7 74 -46 -62 -6 -34 -2 -27 -84 51 96 94 -23 57 -35 78 83 28 -21 19 80 100 82 -26 79 -16 -89 29 86 62 18 -78 -59 -14 55 -64 -77 2 71 55 -96 -88 -82 5 100 -19 23 82 -3 -88 -89 72 51 -46 -45 51 5 64 -48 -21 61 46 58 -26 -63 -80 -55 -19 -80 -60 -18 14 -34 34 3 92 90 -69 -59 46 56 89 75 57 -90 -55 87 53 
67 54 73 -90 77 78 89 -7 -77 -51 -99 7 -46 -10 26 -72 60 78 -89 26 20 -53 -52 28 91 96 4 20 -78 60 92 14 58 53 3 -44 -3 -17 -53 84 16 -37 8 -73 -97 9 98 -96 -74 -70 25 64 62 10 53 -80 90 -57 83 -10 20 -59 -28 46 68 96 -5 82 28 97 65 -10 -91 41 81 -33 23 73 4 -5 -55 27 79 -1 -31 -64 97 -65 -37 79 44 78 -25 -53 -41 -35 -24 26 26 38 -32 
-99 28 -43 -22 -17 34 -97 -20 3 54 -100 93 -68 -3 -79 -83 -63 23 -84 -89 -26 -14 -84 -52 -68 56 100 51 40 49 15 -53 94 58 64 23 20 61 40 86 -83 17 -74 -92 72 83 -28 -41 60 -76 -80 -84 -8 -96 84 67 72 -22 -97 -92 -68 58 -40 -38 -67 -32 -36 -56 51 70 39 96 -37 76 -58 55 24 66 -20 95 -100 -20 11 -79 34 -41 -23 94 -35 -56 -26 92 44 15 21 62 -24 41 31 85 100 
-88 -100 -87 27 -47 -51 93 -71 67 87 23 -2 57 75 67 62 47 67 23 51 66 32 -43 61 -88 -30 -78 -26 22 40 3 -72 -98 -59 -67 -39 -31 -32 100 8 -90 62 7 -41 92 50 -97 -16 -30 -53 -79 -82 -37 -38 -20 34 2 60 -69 6 -41 -68 -93 58 39 -37 -54 32 96 -32 -80 -63 90 49 -47 -40 83 -18 86 52 75 -42 -77 -28 -27 -46 4 -40 17 63 -94 21 -13 47 -38 -78 38 -8 47 -69 -1 
-26 85 -64 -26 -37 68 -80 10 -29 58 58 -82 20 65 -94 -77 52 14 -42 -74 -22 47 -39 30 89 92 60 14 -39 -24 -53 -98 -88 -47 -61 -93 -36 64 87 39 90 84 67 68 -59 47 -67 40 86 -51 -11 44 -12 2 37 -50 -42 -60 23 6 -39 87 -5 83 3 -80 21 61 -4 -68 37 29 -25 -40 -10 -19 42 -78 48 83 -28 -22 -9 3 45 53 -13 92 42 -66 -30 -38 -96 27 16 70 51 -78 -27 56 11 
-37 78 77 -45 -22 54 2 -26 -12 -34 45 -19 51 -19 -78 20 -61 76 -67 87 18 -53 -41 -64 -25 92 -54 -63 74 -49 93 -28 57 -48 32 92 -39 40 68 -15 49 -69 44 69 96 -52 65 -85 -68 -77 38 -7 91 -58 -42 -60 -96 -43 45 93 -65 -69 1 55 -22 -33 0 29 31 94 -37 46 -98 -25 -67 91 -61 21 -83 -9 -48 -5 13 -1 65 -2 93 -15 -16 26 60 -16 80 -93 -35 81 51 85 -82 -98 77 
97 6 8 45 32 -64 28 -35 92 -5 -14 -95 -39 63 -20 81 42 63 34 -94 -80 36 94 20 97 -22 -83 -88 -20 -5 46 34 13 -81 75 -91 17 -2 -86 -79 -91 88 22 -95 -96 -26 -57 -12 -70 93 67 -26 -9 -14 -46 57 66 -43 4 -69 -61 -46 -34 -26 16 -41 -15 65 -88 -46 23 -76 -95 10 53 11 -30 66 -52 -82 -29 -33 32 -48 -64 -54 -8 -38 43 -60 68 54 32 48 53 43 83 31 -11 -67 -65 
-1 -70 -6 88 -24 -4 -59 -2 -72 -85 -91 -45 -53 42 54 -81 -34 -89 70 67 36 -57 -2 12 57 -82 -55 85 -6 -46 50 24 15 22 48 -70 3 -61 75 -23 90 -51 39 -65 14 64 56 -13 -22 -93 -47 -3 71 -62 -43 -33 98 -93 -19 -9 45 44 88 -43 -8 -87 5 62 -7 37 -17 -56 84 -94 86 -95 6 -23 85 6 -10 84 61 7 76 -59 59 -96 55 -53 13 14 34 69 -59 43 48 -82 100 -89 38 
-31 32 -5 -64 15 -77 51 43 -68 91 -5 -1 -83 -10 47 16 79 46 -59 58 81 43 -2 76 30 58 96 24 -47 17 -54 -28 -100 88 58 44 -47 24 -96 -74 9 80 56 83 -45 54 97 -83 93 -61 -23 66 48 86 86 -32 51 -61 -100 2 -11 88 72 -59 49 -85 9 70 44 -38 -12 -38 -3 -91 22 -38 48 36 60 1 64 -46 -79 -7 99 -94 -9 -85 6 89 39 75 60 31 -7 -47 8 -21 -27 13 -37 
91 43 -8 55 63 -62 99 94 -75 94 14 -56 -46 -37 21 20 65 -100 -3 29 -48 -68 4 55 -72 -80 52 -68 -83 1 -13 50 77 28 -25 -10 -6 4 -85 -31 -4 -93 71 -93 91 -77 82 30 82 26 -17 -8 90 100 -75 78 -97 47 -64 6 -58 99 44 73 -9 62 -98 -46 -3 10 -61 -86 29 -44 32 12 -6 -51 91 -34 -62 80 -98 -98 98 -70 66 -96 21 -45 -90 96 3 80 -20 -40 -88 1 -67 -97 -81 
-56 -97 -89 -72 -9 79 65 -62 69 89 -63 38 -67 24 96 44 2 -88 -15 2 16 -87 6 -38 89 2 72 -77 88 -69 -38 -11 59 55 -82 -36 100 -2 -8 40 -20 52 -78 -91 -83 41 39 59 61 11 59 -84 -69 -94 38 -95 39 63 -81 6 58 5 -60 31 4 31 7 -41 -71 -60 -8 3 -75 99 77 -32 13 -12 -62 -31 -8 -15 44 78 22 81 -62 -19 86 -44 53 29 8 -70 72 -91 41 55 7 86 -55 
89 84 23 46 83 -84 95 -32 -7 -62 10 -97 -32 11 99 89 67 -39 -1 -61 57 -19 -60 37 6 -17 3 -57 -79 86 -50 83 86 -68 -29 23 -6 -68 -91 80 65 98 66 -42 -11 64 56 42 79 93 -79 -11 37 36 2 -35 -79 -4 46 -67 24 2 -97 -71 40 54 -65 -1 55 98 -100 70 -45 6 -21 42 -13 58 52 -16 -24 -76 -35 69 -92 -18 79 39 94 -26 -92 79 54 -87 -72 55 96 5 -29 58 23 
5 67 -6 -92 -3 73 51 -36 -19 56 -24 -3 -4 -68 -77 -23 21 64 41 -18 -52 -48 -44 -18 37 68 35 -25 -35 81 46 24 40 61 50 -9 -86 -54 -40 -19 99 45 -53 -100 -35 -83 27 -72 77 4 -85 -29 3 55 -93 35 -44 8 49 -77 56 -28 -61 13 48 -98 82 -13 -56 -60 -76 -31 50 -66 51 82 -13 0 -52 -5 78 28 -24 11 52 -11 29 9 3 -78 8 3 59 88 -19 -62 90 36 40 -45 22 
78 -83 34 -57 53 81 -44 -54 19 66 -16 72 55 -88 23 85 -36 5 -93 37 37 75 -77 -51 16 48 -43 72 49 93 49 1 7 89 65 -63 84 -19 2 32 66 -80 -93 -85 -66 22 -46 -60 70 5 56 -6 88 -46 58 -6 -76 23 60 92 59 67 -61 44 -95 60 -85 11 7 -75 -44 -91 -32 80 92 30 13 -7 90 87 57 43 0 -14 -1 54 -2 -11 62 -76 -27 47 -29 -51 58 0 -28 100 -84 77 -65 
-14 -79 10 -14 81 -79 15 96 -79 -47 5 1 -71 68 85 89 -46 -32 53 -55 79 -22 38 61 -51 56 -95 79 57 72 -83 64 -71 87 11 78 -66 46 -33 75 -32 -31 -94 92 27 42 6 45 -8 -3 60 45 18 -18 33 57 -25 -61 -24 -31 -7 20 -15 -63 -74 49 -5 -48 73 58 -6 -18 56 -35 -2 -86 48 65 -3 23 77 73 -55 85 3 97 -12 -82 57 -42 -100 13 39 98 91 -100 -64 13 -71 13 -24 
64 -95 -65 -32 44 -56 50 10 -97 71 -91 -79 91 -42 -7 -31 95 90 -94 -16 87 28 44 95 -32 6 -79 -96 92 -21 -87 -71 -11 25 -4 -16 96 -76 39 -30 91 -99 -19 75 -20 -3 32 -12 -22 81 -84 -38 95 -4 -45 -78 -43 48 42 -78 45 58 -27 -68 -34 -18 68 46 35 69 -38 25 -31 -62 -66 -92 -42 -18 -81 66 -84 30 55 36 25 57 48 72 -53 -75 -19 -17 -56 17 8 -95 -95 29 -79 28 59 
71 25 87 -13 -16 -16 23 -83 84 97 96 -35 34 -94 82 15 53 -29 -18 84 51 5 5 -82 22 97 -15 57 -61 -16 -69 79 -56 -21 29 79 40 92 48 24 -36 -61 71 -86 33 82 58 98 15 49 -33 -26 92 73 95 -6 4 99 78 -95 57 66 -52 -39 -8 49 -37 51 90 35 -100 -1 -37 82 -55 7 9 70 97 45 -3 25 0 79 9 63 -55 43 29 -71 5 64 -56 31 97 20 27 -27 43 -94 -93 
68 82 -46 -17 66 99 -55 58 -16 88 29 -45 27 -15 46 75 -79 -58 13 -90 -40 -93 -26 -67 35 -25 -58 -37 -29 48 94 97 -3 -86 -51 45 -84 -52 37 -76 90 -39 94 -65 -84 -94 -63 57 -58 -31 -65 -46 85 -87 -84 -74 -91 80 -70 49 68 90 -14 -43 14 -69 46 -81 46 -64 -24 57 -93 40 -100 2 3 19 97 -51 -36 -97 83 -47 -82 56 29 -83 -34 -22 -52 -78 -36 33 -98 82 82 -82 65 -41 66 
-88 38 60 -42 34 41 61 -82 24 12 27 42 -53 97 -51 -9 -2 77 20 -97 -81 -40 17 13 89 -53 -88 22 48 51 -88 35 -97 9 85 57 19 57 -37 -72 83 58 27 32 16 -43 -42 -97 -24 46 32 34 32 -100 53 -24 33 -41 41 12 -13 -95 6 -77 -8 88 -94 -6 23 -50 74 -31 -15 -30 12 70 -28 -18 -41 43 -42 74 -6 33 18 39 53 38 37 -37 28 -23 57 74 -56 79 -12 -65 60 99 -56 
1 8 8 92 32 36 -82 -63 -99 -100 12 99 -49 50 -87 -3 71 76 -67 -82 -41 5 48 40 66 -20 54 -11 48 30 -66 -47 96 91 76 -6 66 -99 -52 3 -15 -46 -8 -90 31 -71 -83 67 -67 -42 -67 97 -88 37 69 -95 64 -68 54 70 71 -98 70 28 95 11 -45 12 -78 -91 9 81 86 98 -100 62 -13 22 -91 97 -1 70 -98 -48 -71 63 34 -57 -34 -38 56 -97 16 69 -48 -14 -92 56 73 -10 -20 
-12 43 -31 -44 -76 -47 26 12 -87 -95 -33 16 58 -90 23 5 -29 32 79 -90 -78 -38 -36 69 54 40 16 -81 -62 -97 80 17 -45 -40 34 -65 90 65 92 0 -68 -91 85 -92 -7 -20 -2 89 53 -95 96 -72 52 -22 -61 63 -92 -17 -51 25 -10 -41 -33 -61 -11 -13 89 82 5 -75 -2 70 80 39 -51 -29 -88 31 8 -63 96 37 -66 -56 50 -6 -79 81 -20 60 83 76 75 -86 -19 13 95 5 32 38 -100 
35 65 -74 -19 -58 -52 47 100 -6 60 59 11 66 47 -87 -42 -71 1 -30 91 -67 75 -61 96 55 13 75 -14 35 29 -18 -22 24 68 -51 11 41 79 39 -100 -20 32 54 -37 -30 95 15 92 -10 43 34 92 61 -54 39 1 -11 -70 -68 73 23 -24 44 -48 -68 -40 98 12 44 92 86 95 -31 -48 -90 83 -76 47 -60 -60 31 10 -83 69 -61 20 -14 18 -30 96 -82 -16 -47 -5 0 -36 -38 76 44 -5 73 
8 -72 39 -6 -84 -92 -38 73 12 0 -29 -23 40 -70 43 75 -41 -9 55 50 -86 -42 -3 -84 70 41 -52 -93 1 -49 66 32 -15 -46 78 42 -36 60 -73 49 -32 92 -43 49 -8 78 45 98 -84 84 68 -62 10 -90 -10 -28 98 96 51 -51 -38 -73 56 -85 -16 29 -19 83 70 73 -81 -74 42 -83 33 15 17 86 -31 -48 -42 -50 -36 -45 -28 -64 -21 -17 -52 -27 1 54 -23 96 -37 17 -70 33 -35 -95 -18 
-24 52 -5 4 -11 67 -69 -58 3 17 8 -6 66 -65 -94 96 -20 -38 -9 -97 38 22 -94 -76 56 -76 72 -46 72 80 69 -67 -15 16 -7 -44 27 25 79 64 90 32 26 -33 -19 -59 63 -8 -18 32 40 69 -49 84 0 73 -93 -86 75 92 94 -11 -70 -6 -100 -43 72 75 51 10 55 -12 100 -89 -54 -47 54 71 -94 -33 -88 71 91 -9 -43 -66 22 -74 -73 -94 47 39 -60 2 41 -77 -62 -76 -77 -50 9 
0 -54 -86 4 15 -97 -88 -91 -6 -72 82 -21 55 -29 -59 -90 -82 -30 -99 -89 90 -95 38 -68 27 43 -65 48 7 -82 84 -83 -74 -15 74 -53 -20 -54 95 -13 -3 0 -16 -89 88 5 21 21 -38 -16 59 81 -12 57 -84 -56 -34 -95 -61 -90 -58 57 -63 -10 -68 -42 60 1 -39 31 54 -4 -8 -75 -53 94 -5 -14 -44 57 -21 29 -34 18 64 -34 -62 -26 -58 -63 40 5 50 -95 -67 -76 12 14 14 -80 55 
-74 90 -68 24 34 -13 25 56 -39 21 40 -99 83 -49 -50 -45 55 -82 88 -80 41 -99 -8 23 -100 49 -93 -27 68 -77 46 -12 -49 -90 14 80 43 -49 9 90 18 41 20 56 43 88 -40 92 -80 -37 91 -39 4 61 -100 -15 -81 -72 84 -93 -31 87 41 -51 -25 -11 20 -67 50 -93 89 -32 31 -45 -59 -18 -49 -63 -5 88 72 -94 57 -20 -48 40 -99 68 -85 -58 12 -86 -89 60 55 33 -43 24 93 59 49 
8 6 -22 54 95 -43 -17 -4 77 41 -70 23 58 -32 95 68 -16 -38 -46 -65 23 1 -47 -55 8 -85 100 -49 -69 -78 -42 59 85 -48 -71 29 58 -72 -15 -1 79 -19 -40 23 -87 -93 98 50 -76 -23 -41 0 91 12 -45 21 -80 2 -11 -64 60 -69 25 11 -30 11 92 49 -37 -67 36 -90 -51 -38 -15 21 64 -63 49 -59 -47 10 -57 -88 67 -42 98 59 -66 -2 61 56 -61 -26 87 44 13 -2 -72 11 96 
-46 -37 -17 52 -40 86 59 -71 33 34 -62 44 11 84 24 -12 60 55 -23 11 67 -68 5 -80 -20 6 62 -53 -53 93 -55 49 69 67 -79 14 -49 -79 22 -13 56 -24 49 62 54 10 6 -5 -47 58 -30 37 -14 -95 44 -77 49 -3 -1 83 60 -39 31 91 -75 -100 56 -1 26 31 -51 87 -60 -90 55 -96 -29 -8 8 -11 83 -43 74 -81 45 -37 58 -17 -17 47 -10 48 -12 -73 85 29 59 47 -13 14 -80 
-81 70 -92 -2 62 37 50 -42 20 -68 40 10 8 93 100 -2 51 3 27 75 50 -42 74 77 36 95 -74 33 90 -18 11 47 57 -75 -21 -36 -4 4 52 12 -30 65 -49 71 -35 -97 46 81 -69 61 65 -36 97 67 -25 12 -91 -28 -36 36 -74 5 -10 100 -64 2 -25 98 32 50 -2 77 -24 51 40 87 -13 -56 -96 53 72 38 -93 97 -15 -35 -77 96 -4 -68 -94 37 -63 -18 62 -72 67 92 5 -44 -72 
-4 -32 70 53 -87 73 62 -69 20 27 -40 51 18 37 65 -86 11 27 -71 58 44 66 -29 -16 7 82 77 -98 82 22 95 -55 -8 -35 81 -59 -19 58 -63 -77 -69 -40 -5 92 3 17 81 78 19 15 -81 99 10 43 51 83 -13 95 99 4 66 -31 -81 -73 -58 30 -12 82 -27 1 -33 79 -9 -7 85 -65 -53 -8 66 44 -75 -73 31 -59 -27 -100 -83 -82 42 -4 -40 65 -94 -64 52 -4 -30 -1 -37 88 60 
-64 98 19 -42 -34 -71 76 -39 47 -96 -1 82 38 -82 32 -37 14 -71 -60 -6 -38 27 1 7 23 -20 -89 -1 45 40 92 80 -49 34 -76 20 21 -64 10 -58 90 83 -5 -93 28 -8 59 93 98 -81 -33 81 59 19 -100 82 -53 30 53 -14 48 31 -58 21 -68 -11 -68 11 -67 -76 -2 95 27 61 -47 39 43 -91 -4 19 19 86 -95 -45 87 -53 30 56 -24 91 49 -21 69 -86 0 67 84 -49 3 -82 31 
88 -40 -50 12 2 35 73 -58 33 14 76 40 21 23 60 -44 35 -87 -76 -80 9 79 78 48 67 -38 -10 -14 15 -56 -1 48 42 -27 -87 -28 20 -23 58 60 -86 17 20 82 0 29 89 49 -82 -98 37 -9 5 66 -35 -32 55 34 -59 -88 -83 -7 15 -19 -80 -60 -31 24 57 54 3 -85 8 68 57 19 33 82 84 48 -52 54 -40 -31 -82 -95 51 8 -40 84 -66 -57 -47 74 7 40 17 88 -28 56 22 
71 13 61 -77 91 46 -73 60 89 -13 6 -84 33 -65 -70 27 -75 31 21 0 91 21 53 47 55 -57 -7 38 81 35 30 53 84 20 90 2 -11 -25 -31 -50 -6 66 -99 28 -52 -83 88 60 -89 -67 4 -98 53 45 74 81 -87 -30 -68 -75 3 -83 72 44 -97 -73 55 -46 15 -71 -76 -3 -78 91 -58 -82 30 -73 31 -69 -59 -96 -52 81 -67 42 -94 -53 34 -94 -28 -1 -60 87 -26 23 79 42 72 -7 14 
71 56 14 -32 66 -84 36 74 -42 -22 -42 -51 61 58 36 39 -24 -30 13 25 -55 21 -90 -20 -59 15 24 -28 32 28 5 -96 -89 -56 77 88 -89 65 71 -92 64 -33 91 -59 -59 -5 -79 -44 -8 33 -45 94 85 -82 85 29 64 77 -84 98 94 13 -18 3 81 54 -5 63 -46 -85 0 -39 -93 73 72 43 19 32 -8 93 8 -28 -69 -4 -52 89 -7 66 64 -27 62 95 -86 -95 33 -56 -30 86 -36 10 -54 
41 -28 69 -65 -15 -74 60 -28 0 -62 -94 -58 71 -6 9 75 95 87 -22 -67 -24 55 52 8 17 -15 31 96 42 91 76 -2 7 75 -69 -47 39 60 58 29 -68 53 -78 -86 6 -74 -84 58 -34 -26 -47 63 -39 -69 -76 -67 17 -78 37 89 6 43 -41 -62 82 25 35 72 -6 28 52 75 -69 -88 98 32 -62 27 -69 54 40 -84 -6 52 -32 -9 -56 -1 -90 25 -11 55 -39 52 -19 29 32 75 -90 55 -21 
46 56 23 -78 -11 -50 -78 -68 -21 -35 38 84 -73 -71 -7 -4 69 -10 16 5 -88 -56 -95 11 -99 -80 40 44 -20 -38 -82 100 66 -6 56 10 29 -57 -1 -9 31 -84 -8 61 -82 -10 4 37 -56 -24 59 18 -17 -98 12 -91 -14 -61 10 84 95 75 34 -35 -28 44 -72 -3 -30 6 33 70 53 68 41 -70 19 56 -29 11 -53 -83 -73 -7 91 57 -40 90 31 -35 1 -13 91 18 -14 -62 6 -92 -28 55 92 
85 70 60 -3 -98 -59 -59 70 82 -75 -79 14 14 57 -50 42 -91 -24 -3 22 13 -27 41 49 25 -86 -84 83 48 39 5 -86 -2 -72 85 57 2 -85 51 -23 -66 -58 90 23 57 11 -68 -26 -84 86 37 -45 -79 -13 58 -39 -99 -84 80 -41 69 82 94 87 -75 -95 -52 -70 71 -33 65 -69 31 6 -76 0 -27 -97 86 -63 71 -4 80 42 -85 -58 -32 -72 -16 27 -11 62 -93 71 36 -2 -69 -11 -25 -51 28 
90 16 47 -68 43 0 -48 -63 7 -48 48 80 66 91 79 -5 80 59 -40 -23 26 50 28 -76 77 25 -9 45 100 -52 -41 -45 63 77 89 -93 -71 -61 87 -5 -14 61 -91 -31 76 -25 95 57 -33 83 -73 2 -12 84 92 -56 -49 91 -9 -25 -90 -7 -2 10 45 87 -10 -8 44 4 19 -46 31 83 65 73 -12 -32 31 16 -54 71 -87 83 30 23 -40 -69 -10 -2 8 -100 54 41 41 -93 23 37 -26 -50 43 
-26 -79 73 66 -79 -10 -40 7 -55 99 20 14 -71 -87 -89 -37 2 86 26 -9 77 -77 -72 -53 38 21 63 -32 -99 43 -52 42 53 33 30 -36 -67 -57 18 -87 50 22 -39 43 78 47 58 55 23 40 91 -64 25 -39 -7 93 -3 55 -7 -6 77 1 79 -7 -55 43 -6 -12 -89 -74 77 -72 43 -80 -97 22 16 -62 47 30 -97 -24 -56 -82 91 52 29 -35 -4 60 -75 77 94 49 87 -28 77 -64 -99 17 32 
58 -64 -85 94 96 -23 14 -88 10 74 -80 -95 14 -86 -38 -43 -76 -84 85 -48 27 43 94 20 -21 95 71 7 0 21 93 30 33 -1 -94 28 -89 -33 -58 44 85 -95 11 83 18 -69 -15 69 33 27 -51 -37 -43 59 7 17 -41 -46 53 34 59 -3 -56 -51 77 48 95 -5 37 -52 66 78 20 -39 39 17 18 93 16 -2 29 -9 98 81 -78 -98 -33 -62 24 -95 38 93 -59 -58 20 86 89 91 -78 -65 -48 
89 -38 -85 -50 91 -20 70 -17 -42 -45 56 -3 -62 -99 -84 2 -91 85 -29 -59 -4 66 36 97 97 87 -9 -5 19 -17 -28 -33 91 55 -57 45 -80 93 -50 12 -29 -41 51 -63 -63 -8 -80 96 7 -100 91 -42 -35 3 68 -89 15 13 1 49 -37 -53 -98 -77 19 19 55 -75 -99 -78 -56 -82 45 38 -41 -53 31 39 -38 -78 69 -15 6 -68 -73 -80 33 -15 -84 4 -73 -98 -84 45 -38 -89 38 -18 6 70 -81 
-58 -71 -63 -32 97 64 -5 -17 53 20 -44 -94 5 42 -76 50 -46 88 29 6 -15 58 -79 -85 -38 -78 -96 71 -16 95 7 -59 -80 -81 68 -15 3 68 23 -89 -71 -96 100 -87 -73 -72 44 17 -87 -29 65 -75 -43 -45 -92 33 67 -46 2 -25 51 64 -16 44 77 58 76 56 47 -30 -30 -63 41 -32 -85 -69 12 -95 -96 -4 -33 90 60 85 21 -9 -26 -75 78 -60 63 -58 -5 -99 -79 -55 56 -16 -17 77 14 
58 2 -51 23 -63 -13 -61 -22 -96 -85 26 20 98 -33 -70 -49 16 2 19 -26 56 -95 -38 12 57 -89 79 16 -38 -97 -37 -54 48 -2 -74 -80 5 26 26 -98 12 16 74 82 88 48 -90 48 2 99 -29 67 82 -36 -35 -88 26 -5 -22 25 -75 16 94 -45 -91 56 -74 -74 70 -60 -82 34 -23 87 -39 32 79 -25 -26 32 48 -24 -40 56 -1 -31 -27 -43 75 22 36 -100 -87 -40 -60 -28 0 66 52 48 81 
68 70 35 41 -4 88 47 99 43 42 61 -10 8 -66 -88 84 12 -38 -35 -16 90 -59 65 90 -60 44 -86 83 -24 13 -99 66 49 40 -32 -47 12 83 3 51 7 -99 92 -11 -35 52 -81 -1 24 -71 -52 -91 90 -86 15 -74 3 -11 -74 -23 28 64 30 -15 -26 -29 62 82 -31 -79 -17 40 72 26 35 -31 96 -85 54 -77 -22 56 38 -5 5 61 90 45 -68 -8 -31 -8 -83 -62 -68 -50 84 -100 -10 28 20 
-16 58 78 -60 44 -34 -67 64 -13 -13 -16 -27 -86 -46 -36 -41 -65 -16 93 -72 -76 -94 -79 -92 92 -16 21 68 25 86 -1 68 -64 -15 -72 -73 -4 25 89 90 -58 -36 50 -37 -69 43 21 89 5 98 -74 -98 -55 77 9 -36 100 -17 -39 94 40 -42 11 -52 -8 -59 27 2 -47 18 12 -39 34 -33 -30 31 -97 9 -16 91 -93 -16 2 34 15 11 -9 -94 29 -90 -92 -28 74 -63 -36 -66 -87 -28 67 23 92 
71 87 -13 -99 28 9 -50 -6 3 48 -65 -19 94 0 100 -18 -89 -8 44 -8 100 33 29 -92 44 -91 -13 -37 -64 -66 94 15 96 81 11 16 -86 -46 85 23 -34 -80 -20 -98 45 -42 -40 77 -94 -85 32 87 98 -14 -17 -68 20 71 84 -58 -100 8 -37 -92 -55 -89 49 29 93 -85 -55 -58 26 -65 44 -19 -83 78 63 34 -63 15 14 -92 12 -29 15 -41 59 76 -96 -12 -79 -29 -5 -68 -37 -45 -1 -54 -17 
56 -13 -45 -30 -31 -94 -31 -52 60 35 2 -35 -61 -69 95 -46 70 67 57 -86 14 -73 -10 46 -84 0 90 83 28 62 -20 74 -71 99 13 70 56 -79 -15 -2 -57 -45 -55 89 56 74 62 -23 -89 91 -99 7 59 91 58 -7 81 10 14 99 84 5 -28 -24 -10 -78 -7 73 68 73 37 -96 12 -39 -52 41 73 42 25 41 -74 58 13 -64 -69 92 87 -7 83 -56 76 -64 97 -4 -44 85 -12 38 -36 -21 -62 
-100 81 -93 -82 12 44 10 55 69 25 -95 85 56 -49 -45 -30 -7 -66 51 -90 -42 57 85 -39 66 -46 43 -20 -34 -78 -49 -75 54 -49 70 -77 -25 79 58 -49 -55 28 -7 -3 -33 6 -75 68 69 -28 -85 -64 -68 37 -41 58 -36 -35 -7 53 51 -52 -99 -53 65 69 -62 -91 5 -75 22 14 -9 73 27 86 -81 -89 34 -36 52 76 23 -21 -58 -94 19 -46 5 17 -57 -45 -89 29 28 29 -3 -13 -65 -1 -86 
37 31 7 78 72 74 -81 53 36 88 13 81 55 -78 -13 75 82 -66 -8 77 -48 3 2 -48 -2 -94 91 -76 100 -92 -52 -66 71 29 97 -28 -65 83 89 -22 67 -3 52 -68 -41 85 89 0 60 17 64 -62 -29 44 -61 -20 -62 32 -13 24 -10 71 38 86 90 97 15 95 -94 40 45 76 -100 -72 -75 -13 71 -61 19 85 -24 34 63 -32 -96 36 -92 66 -41 -37 -29 33 17 -22 16 -58 -50 47 66 -19 94 
-68 57 -11 18 18 -79 -23 -53 88 -15 -99 1 83 58 -61 57 -8 -71 2 25 73 -96 95 -99 100 24 15 68 49 14 81 74 -24 77 10 -86 39 57 -39 80 67 73 -62 16 -80 -93 84 47 4 70 33 -69 68 -67 34 20 -50 -79 85 63 90 -94 -63 -88 100 -35 78 5 -80 -2 -12 -23 -35 20 -39 -88 -78 92 14 -99 -25 -74 82 52 -65 -87 -13 81 48 -80 -22 -7 7 -62 -41 -58 -9 -93 93 40 -33 
-80 0 -75 -56 22 19 -16 -66 -97 7 100 -5 22 -58 32 86 -34 76 61 70 2 38 -72 -39 52 61 2 47 16 33 82 -22 13 -91 59 -71 -91 -88 8 12 -95 77 66 -1 -53 34 62 82 -54 -39 56 25 76 34 8 -91 5 -93 -34 36 -92 20 -34 79 -94 7 -51 -28 59 -52 22 -61 -23 3 -63 81 -78 -18 69 -17 -37 -82 14 2 67 9 -88 -54 -4 8 45 -85 -60 13 76 -99 -14 -33 70 82 -79 
-39 -77 -21 -76 -81 -21 46 16 -21 68 -97 -74 -93 -83 12 -67 28 29 30 41 -73 65 -100 24 -45 19 -17 -97 34 38 -3 56 55 -76 -100 -71 -91 -94 -91 -39 71 -63 -19 22 -42 -90 55 -81 48 53 12 -7 82 -66 44 48 -90 -44 -95 -18 35 -22 -85 -45 -47 28 95 -58 -21 -24 -82 -55 75 10 0 62 48 -42 83 -16 87 -74 -47 -35 21 86 27 85 56 38 -18 -88 51 58 -13 25 75 -49 84 48 45 
-62 18 -98 -11 52 39 -90 30 88 -14 -12 -95 -4 -69 -86 -12 -10 100 4 -72 -58 -33 25 -90 -89 -11 35 38 -82 9 -72 2 -34 -2 -6 -35 -17 -59 -83 -27 -58 97 14 93 -2 3 31 68 -85 -21 -74 28 59 33 71 79 -83 -8 44 -16 10 -81 -26 -69 -65 -22 63 -65 2 -56 -88 50 6 2 -96 -85 14 -68 -81 -37 -13 -49 -70 99 7 -18 95 -100 78 -37 -21 44 97 -46 -72 -12 23 22 -13 80 40 
70 82 47 71 95 -28 -87 -51 81 91 -6 -68 -31 84 -28 99 43 -88 94 -49 71 96 89 29 86 -31 58 -43 -4 -4 29 -14 -54 -95 -11 32 43 -72 100 -93 64 3 64 71 -38 56 -23 63 -71 -67 48 29 82 -42 -6 48 -91 -82 91 -74 80 80 25 -22 29 83 36 60 63 -72 -12 -47 98 25 19 -7 -71 20 44 -21 27 83 -59 -55 -13 -87 -80 97 -74 76 54 23 1 -44 51 -57 43 -24 89 -53 -81 
-42 -13 -100 72 15 -15 -37 47 -34 0 48 -21 -26 -52 27 -83 -64 23 8 78 39 -93 -32 -86 23 -83 -92 23 46 9 92 -44 -65 4 -26 74 73 -44 53 20 -92 41 -98 16 -100 47 83 78 35 3 -95 63 18 -83 -80 31 -86 64 66 -63 -85 -60 31 -15 89 -8 72 -2 12 -73 35 97 94 89 -28 46 -83 -47 17 -48 60 -55 -22 63 -48 28 -73 -67 -6 -33 -31 32 2 42 10 20 -34 24 -56 22 -54 
-54 40 18 38 -47 -85 -100 -86 44 87 -49 -79 58 -54 -50 -58 -63 -89 -9 -5 78 -42 68 -71 80 -93 -88 -2 -6 86 -57 -1 25 21 7 -44 -91 -89 13 -75 -22 -67 30 47 100 -6 29 -93 10 -97 21 35 -41 -34 10 -21 -79 23 31 -28 -39 32 -67 21 49 48 -94 -2 46 -20 -50 92 -57 55 49 86 -17 -83 31 8 60 34 1 -42 4 -73 -16 -72 53 -24 82 86 -32 -55 54 86 27 0 -97 -27 -37 
11 -49 43 -59 85 90 65 0 -38 -52 -20 52 27 -37 -4 -11 -93 -1 -24 -59 -78 -55 -82 22 -48 78 83 62 -5 -99 -13 63 62 -89 -45 -30 9 -32 -5 -77 22 9 32 -85 -6 -19 -34 -51 -85 56 -90 70 62 67 -41 23 23 3 46 -27 -88 -83 -38 74 -74 53 -62 100 96 16 99 42 -48 -9 -21 100 -24 96 11 -99 55 38 -62 20 -21 -62 -33 53 -29 33 46 98 79 84 -7 78 -36 57 81 -51 25 
-95 82 3 -21 -63 -5 -32 59 -6 -76 -27 59 8 -66 -34 -81 0 -86 71 22 95 -3 22 5 44 -50 -46 46 -45 62 -74 -45 -67 -72 -47 48 79 -29 -19 -50 -4 -100 0 68 15 -4 93 33 -94 50 50 -91 82 -43 -6 -90 -38 68 6 -18 -56 -35 26 -67 20 -5 84 -82 -27 54 -90 -79 49 -54 4 -38 52 -47 25 80 71 -4 81 -98 -35 -88 -15 20 55 -40 80 -67 33 50 -25 -37 -32 -50 -94 37 45 
69 -79 83 16 22 51 84 -93 67 -65 33 96 35 31 22 -46 -79 9 13 -41 -17 -56 18 49 -39 -24 22 9 84 -50 57 96 -78 50 -18 17 39 -98 45 -92 26 -46 93 49 -46 -63 -88 -3 -53 -94 -49 8 -70 84 -59 58 -64 88 94 95 -16 47 -65 -52 2 -50 85 -10 -87 -98 -68 35 -49 -98 -83 -38 93 -75 -6 -26 -39 80 -59 49 -34 42 -28 -96 -61 98 78 61 79 79 20 23 -36 -10 -51 -8 -23 
95 90 92 71 -26 85 -24 -55 23 -58 82 -40 -3 84 -73 99 -86 14 5 -10 83 63 -20 7 -65 1 69 -49 -83 69 91 -40 -28 -66 8 54 73 39 -51 73 91 83 61 -50 -47 52 87 -18 -33 17 98 69 -44 30 -68 -13 53 -100 -85 4 -84 88 26 -74 97 -16 -56 79 72 92 86 63 -48 11 100 73 26 20 -41 43 -6 23 42 -16 -78 -63 -61 -1 89 80 34 -32 43 -83 100 72 13 28 -28 58 15 
96 -47 -62 92 -16 4 92 -57 -12 -38 -34 -19 -40 93 -31 91 84 62 69 -33 26 99 67 -68 69 70 -61 -83 -16 1 -69 -91 91 -90 -33 83 76 89 60 32 -6 90 83 3 -89 35 -15 39 -85 -31 -69 -9 50 52 98 59 -12 -10 67 -53 -69 -82 88 -20 -45 40 27 25 66 3 -96 -93 -82 85 -94 -59 38 -54 70 70 80 2 99 -66 5 14 20 -50 52 -37 -44 -49 92 -9 -7 97 89 -50 47 90 -74 
-53 22 58 -83 68 98 15 -90 -11 -45 -55 18 26 -96 -99 43 -38 83 -29 31 -47 -53 17 -35 31 -76 -39 -55 -25 -75 -58 65 -52 -38 1 -23 75 -100 28 -64 -32 23 87 -75 39 14 10 7 72 -65 -32 1 5 45 35 -76 38 94 -89 -49 76 90 69 -53 35 12 9 -65 -30 67 60 -34 60 -89 -44 30 41 -96 85 19 -39 -58 73 93 -7 94 -92 -22 17 -8 -73 94 -70 -63 -62 -19 -69 -16 94 22 13 
8 -17 87 -18 59 28 61 6 83 16 64 -73 21 24 -48 -49 -31 -8 -30 -56 8 -80 26 -45 -40 -7 -34 -29 -76 30 -51 23 -68 -5 -2 39 -65 64 100 -56 6 -61 -54 61 11 -30 18 66 -33 93 -84 -71 98 90 12 -11 -82 -92 70 72 -80 26 77 -95 -57 63 -87 -87 -47 -96 100 0 10 -87 78 -54 38 93 77 21 15 25 -53 -77 33 -61 31 73 17 100 75 -6 3 -33 -98 -77 -98 15 1 -21 1 
-23 26 -94 46 81 24 -25 96 -33 -28 33 -53 62 28 -60 2 -74 58 -23 -80 100 -72 -37 31 61 60 8 63 -3 1 -69 84 30 13 46 67 -26 11 36 -50 -41 -9 -46 -10 -43 -61 -80 -48 48 19 96 -97 -33 48 -7 4 44 70 -72 35 95 95 25 87 -79 28 -83 94 99 -31 -32 -69 -86 -31 -69 -30 71 74 -88 -67 -17 65 -2 35 -41 37 58 29 89 76 -65 -31 3 66 -84 56 40 -95 -8 70 1 
