101
101
-89 -62 -14 -21 -39 72 -93 -71 82 -40 -6 16 -27 2 -85 69 68 1 -100 52 -11 -7 -56 -14 30 95 -71 89 -9 67 -60 17 4 47 -75 41 -41 -32 -42 64 -75 8 73 40 -65 -44 -62 9 50 -44 98 -40 -12 93 9 -45 -75 95 43 38 -80 40 83 -72 -8 18 59 -21 65 -48 46 99 -70 85 -2 -81 51 -55 77 92 -34 22 20 -3 -7 -73 42 39 23 60 80 -79 50 -37 25 62 54 75 27 61 -29 
-64 -45 -51 57 26 -75 -40 35 -46 -87 32 -7 -68 -78 -24 46 84 -55 -54 -96 -53 75 62 -45 -12 -11 -42 40 -71 -31 36 -76 -63 25 -53 -67 100 -91 21 5 94 94 29 70 12 87 -49 -51 4 -20 56 41 -41 -40 100 -88 96 -59 -92 -93 -85 -62 53 18 84 47 -87 32 -7 69 88 -20 -60 99 78 -93 -45 19 -92 -76 -44 16 -82 57 57 17 -11 -8 49 -68 54 83 -55 -73 -45 64 -12 84 93 -10 -61 
5 51 83 -96 -59 -28 26 -19 -18 -66 34 84 49 -30 92 -46 -64 4 -43 91 -86 3 -28 -3 88 10 7 -31 -8 -4 -64 79 -2 28 -46 -63 36 36 35 -14 60 -18 -100 83 73 -40 -20 71 6 78 33 -66 21 54 -23 45 6 -96 62 -86 92 60 99 35 -83 88 1 58 -82 80 -58 -80 68 41 -95 -54 97 84 65 -72 -72 93 43 91 -7 -75 75 55 -87 68 -89 -60 70 -30 30 -8 83 -22 -97 92 -18 
30 37 9 32 53 34 -96 20 77 -66 90 90 54 92 -66 54 62 89 -21 70 -67 64 -8 58 -82 22 31 54 50 -60 -41 -99 94 -39 -18 -77 41 11 -56 95 66 48 18 46 -73 89 78 -58 -9 58 82 25 -41 100 -57 -22 53 -42 -37 -77 -83 52 -11 96 41 37 -93 7 61 -74 -5 -76 -32 78 -28 2 52 -81 -89 30 -39 67 -93 -60 -82 10 0 -13 95 38 -36 -20 -60 -30 -52 13 12 22 -92 -99 5 
6 -2 84 69 94 27 95 -27 -50 30 -42 -94 -38 -95 -85 63 -29 -82 75 96 -85 37 -4 37 9 -10 -53 56 -24 71 33 53 -30 76 48 -22 -84 -74 -94 -59 12 8 -58 -53 86 72 -16 43 -86 30 -78 -64 -39 -1 -99 62 -71 38 -24 74 45 -13 42 91 26 -78 -78 64 86 24 68 67 97 -35 10 5 25 -17 -93 -20 44 -79 34 41 68 -2 -25 -5 -36 -95 -100 -94 64 84 -70 -43 -6 29 -40 -93 -46 
-60 -3 70 22 26 69 77 -87 -79 84 -25 -12 20 67 -19 88 67 -73 5 -44 77 -11 27 -30 26 31 58 -54 -18 20 -2 61 -89 -91 99 -19 -23 -43 -65 -51 -26 46 -64 80 30 -20 -11 -73 23 66 59 -53 41 86 6 13 48 -5 4 -1 73 86 86 23 -61 -38 64 89 -89 20 62 -33 41 -79 32 -65 96 38 -98 100 86 -38 4 -76 -52 -58 -25 2 -1 69 38 -30 61 47 -56 -30 86 74 3 -5 -80 
36 60 41 88 57 19 36 24 76 29 82 15 61 -40 37 69 20 -54 -49 63 29 16 -20 -53 44 -51 -75 -64 35 67 52 -73 -29 86 35 61 -1 93 97 -98 21 88 -43 75 -45 26 -35 -47 2 -87 33 11 49 5 -3 -45 46 52 -99 -59 -79 28 64 75 -66 -85 -77 15 -25 84 -57 -86 99 -21 6 93 3 -87 -2 29 21 -15 -94 -96 24 74 -19 66 -4 -85 2 93 -87 -78 -10 -23 -94 61 57 62 -34 
-69 -57 90 -58 -1 -42 97 -81 24 -44 43 74 31 79 -88 -54 40 32 98 27 63 80 -70 -32 -80 -44 -32 -71 66 12 -39 -3 3 -35 51 -50 89 36 82 88 -69 27 44 -8 42 -57 -22 -98 -22 16 -18 82 -60 -73 -64 90 67 98 -13 32 98 0 -100 26 82 -77 -25 96 -20 -1 18 -22 11 -93 40 3 4 -90 34 83 66 74 -18 84 19 46 22 27 12 -15 27 28 43 3 -96 45 82 -28 61 -61 14 
-8 -36 -52 -79 -70 -59 -28 -10 -97 60 -23 31 -38 -29 41 82 18 56 75 -48 -80 57 -52 80 24 92 12 88 -11 -31 -43 -25 -27 -19 -32 44 -61 -53 79 81 -95 85 -88 69 35 78 -80 -75 -7 94 42 49 69 -57 73 82 -55 43 -82 -1 94 -71 84 26 -92 88 8 10 -54 -66 -53 100 -73 88 53 41 -31 -80 -39 22 -63 78 30 -54 -51 -14 49 31 -6 38 -59 24 -77 -82 -56 -17 87 -61 -53 2 -79 
1 -74 72 -49 43 33 67 -3 -1 51 24 -23 -42 51 -63 -12 -30 -5 18 54 9 29 14 84 -100 -29 -98 41 85 46 24 27 -26 -82 29 -79 -20 -91 -80 -86 -20 -81 -41 -82 69 56 18 -33 -79 78 -42 84 34 -65 98 -79 -48 33 57 73 -71 86 18 6 -76 46 24 -54 -40 -23 60 -65 -56 -53 82 1 82 -97 57 25 43 3 45 20 31 35 24 -4 47 91 56 -28 -8 -98 -76 43 -95 61 -47 -66 24 
85 72 -73 90 5 -33 -90 46 86 50 -82 59 69 21 95 -73 -57 -48 36 -17 100 16 36 -38 23 -74 -85 67 29 -58 78 49 63 -5 23 37 -35 15 -53 -10 67 -56 34 57 89 91 34 61 100 78 25 -26 -40 -39 -58 -76 76 -57 100 25 -22 69 -78 -24 52 67 -37 2 -4 -7 -71 64 -27 -93 26 -62 79 -51 -89 100 100 -91 -74 -55 100 35 -86 58 -16 -61 -95 -57 -20 -35 -46 74 55 -62 45 -33 -26 
61 53 47 92 -82 90 38 -77 -42 -16 -39 -65 57 28 45 -8 66 8 -7 -46 -64 -52 41 -84 -47 -63 61 -1 74 -14 -22 -27 -64 75 -11 95 10 99 -61 -59 -3 88 45 -27 81 82 5 68 -39 68 21 98 -100 82 24 -48 50 77 80 52 68 -81 17 -83 39 34 85 -73 -55 45 10 26 -91 -83 80 2 -100 -22 -43 -28 31 3 43 56 -63 28 13 6 -76 37 42 88 -73 -77 82 20 47 -19 -43 -1 77 
6 -74 -77 55 10 -38 31 64 -14 -70 -18 87 -78 60 -17 -13 -8 -79 -30 -79 -91 80 6 31 -35 79 49 -80 80 29 -38 -82 49 31 29 -26 15 -29 19 -11 -90 65 -41 58 85 48 -32 54 39 79 -83 62 -94 83 -31 -2 26 -92 100 -68 53 -72 84 79 -54 -53 81 -49 -8 -93 -55 37 -87 53 -100 -86 -58 -33 18 23 78 63 80 17 -87 -95 -61 -16 -93 -73 -2 -86 -11 65 73 -66 58 -65 68 82 31 
-69 -47 56 -89 46 29 38 -95 -87 74 -73 -84 -33 40 65 -94 -25 8 49 -54 -32 -20 70 20 48 69 58 24 94 -1 -21 12 93 -96 -78 54 -44 94 27 -81 -18 -49 -5 -98 51 -54 81 9 -72 -86 -48 80 -33 48 -44 26 47 3 -14 95 11 -18 -31 89 -87 74 -24 -56 0 -23 53 -73 30 -94 -21 -77 -49 -88 79 -92 40 98 64 -37 100 -38 92 -44 92 -10 86 -26 -38 -53 -83 -14 84 3 56 11 -58 
77 -38 12 -76 76 -13 -7 64 48 92 38 -63 6 -35 -68 39 -81 50 -74 -26 -28 -94 49 -62 73 -70 23 -54 100 20 68 -2 4 -57 19 94 71 18 -59 41 35 -99 -73 -91 -53 -15 4 -41 79 29 42 -39 -30 -66 89 -48 61 -57 -64 -84 -52 -36 -35 28 -58 57 -72 -13 -61 97 99 56 -2 92 76 77 60 -44 -89 -61 -96 -1 35 -84 96 -92 -21 -96 -94 45 -6 80 -60 31 -35 85 -95 62 51 -32 -70 
52 56 -29 40 -77 78 37 63 -3 -14 -81 -94 -54 -3 11 -72 59 -88 -66 86 -23 29 1 -32 -31 42 -4 -100 -51 98 -49 -72 1 94 99 -8 36 -82 64 -75 -94 -33 -20 74 43 -71 -86 19 -37 16 60 33 -21 -58 -43 9 -100 52 17 29 -18 90 -36 -87 -22 -40 -58 35 -30 -82 81 28 -49 65 74 88 -89 -23 12 -61 -64 -49 87 -51 -95 -16 -33 -87 31 96 -85 51 13 -1 5 -28 -27 -99 20 34 95 
19 96 22 78 -89 48 -16 75 47 -88 -2 93 -40 -73 -12 -70 -88 20 -98 33 -65 2 25 89 -94 66 -66 45 27 -72 -18 -78 -37 47 -49 -91 81 3 85 52 -89 -15 63 25 36 56 -43 -70 -92 -32 -61 -73 18 23 -75 -75 -36 -67 -38 -44 32 62 -66 -45 24 92 22 -47 -18 71 -59 -2 -66 95 -33 -69 99 -20 18 -10 -3 78 68 -10 -75 65 29 -74 -7 85 45 32 75 -14 31 73 33 86 33 -79 34 
1 67 14 -47 -18 -55 -23 -39 -85 33 97 67 25 38 21 -36 -73 -43 59 4 -58 19 -79 -68 -44 11 29 45 -40 -61 -4 -74 4 -16 -65 27 30 -38 -34 5 2 -35 15 71 -19 81 -85 83 -19 -4 -8 49 -32 -6 58 5 27 -24 -59 76 53 52 59 42 4 69 -84 -17 23 -77 20 80 -61 -71 -94 -75 76 -15 72 -45 -15 39 -8 -65 -27 21 -83 60 3 92 0 -88 65 58 -75 95 -18 -80 -22 -84 -75 
63 -66 21 -43 98 -25 -61 13 64 3 -39 100 -7 9 4 -10 -15 33 -33 -99 11 77 78 -71 -3 77 -13 -76 -18 -13 -48 18 -42 -99 -78 1 -43 93 51 -27 -68 -92 6 -14 40 -84 -68 5 40 83 -24 -43 20 -10 40 36 -4 -15 89 -88 -13 60 82 -38 -59 -14 -6 -92 50 45 10 -16 -50 64 -86 77 -71 92 -88 -56 -74 -12 2 -97 73 -27 33 -89 4 100 -49 21 -50 -87 6 92 -75 62 10 32 -2 
67 67 -97 66 81 73 34 -93 -37 -82 -100 -14 37 90 77 -4 -72 -61 20 -20 -41 11 65 71 -95 -22 87 20 -53 -6 -40 64 -86 35 -80 -13 72 62 84 -20 -77 -26 -100 -26 -43 21 57 83 -74 -85 -99 -62 80 -82 41 95 91 45 -31 -77 25 92 75 40 -82 40 95 -70 61 59 1 97 -67 41 3 54 -34 61 71 -17 -10 -99 -85 -90 -56 36 -17 -39 99 -38 -63 -16 -74 -40 47 81 -37 -100 -74 14 -31 
-20 -86 4 -29 -67 -64 -74 -8 3 -5 4 -68 53 -96 85 -97 52 -13 57 37 39 -52 -20 56 55 14 -13 -23 -83 -78 47 67 53 67 -61 -77 -22 22 -81 -37 52 53 23 87 34 44 -17 -39 -91 72 -9 56 -12 97 14 86 -70 -81 42 7 -4 22 -66 86 -100 6 -29 86 12 -67 34 -37 -82 -49 -74 96 57 50 -27 25 -16 72 67 100 66 34 47 -45 50 -36 47 -99 -62 -94 9 96 -66 66 63 -53 48 
6 -48 -34 -74 -56 34 -62 -34 -96 -97 10 -97 18 -53 16 -100 -57 16 75 86 41 36 -82 58 18 -27 56 -5 78 19 -53 -20 -76 5 76 45 97 37 -94 -69 -83 -61 -82 16 61 -86 -64 -65 96 39 57 -13 3 -81 26 -62 -62 -7 -98 86 36 -4 -83 -49 17 -17 85 -37 25 -6 -10 -91 37 49 -49 16 9 -32 15 20 56 82 -18 -12 82 26 -86 59 99 -24 11 94 58 13 71 -91 -39 -71 -76 -39 25 
58 23 -82 72 36 79 18 -87 19 -4 89 4 -40 -82 -54 39 -76 -16 -19 4 -33 -72 18 -87 20 75 -86 39 -48 -61 2 63 -37 -68 34 -37 -28 76 -74 12 10 58 -91 3 -97 -61 24 -35 23 -33 57 -15 -84 -66 -73 43 19 6 -100 24 40 70 7 -100 82 -14 -38 95 90 5 50 -21 87 83 85 97 67 39 -37 -95 86 -93 4 84 75 -39 49 29 -80 29 -54 53 -4 20 27 -74 16 22 -6 -69 -63 
93 -90 82 -70 32 50 4 28 83 -15 -71 91 61 98 -40 55 79 95 -76 -52 52 31 94 59 24 88 73 -39 -96 48 -25 94 92 -46 98 6 82 -31 68 78 -12 -46 -21 65 68 -83 -3 -27 -44 76 6 -6 61 49 -19 31 12 -76 32 9 47 -92 99 -39 -73 -6 9 -31 24 -29 -57 2 -1 14 -36 -54 17 62 35 29 -6 -50 26 31 -42 37 -48 30 -63 18 84 -82 -11 -62 -13 -27 31 99 -1 14 66 
97 34 47 -47 5 -72 5 -31 19 -89 23 -98 -90 69 15 80 15 -69 36 16 -72 55 17 4 11 98 46 -70 20 -37 43 46 -19 15 -10 1 -2 -58 29 -63 38 -9 95 -86 -1 37 10 26 58 19 45 -35 -78 -16 -79 70 79 90 60 -85 -80 -26 -68 42 -45 -45 -29 -81 -52 -45 14 31 72 49 75 41 53 -23 -75 -53 -40 -22 -54 -43 -13 -99 85 37 65 -5 -25 -33 -75 39 90 99 -56 -24 35 28 -33 
-59 -53 19 -23 -5 -6 12 -32 -8 -18 42 14 -58 51 -57 -15 59 -45 21 24 -95 -29 -7 -41 26 -2 10 71 -41 63 -45 -58 -31 72 84 86 27 31 51 96 -35 25 -35 -34 -9 18 26 -42 71 -1 79 87 95 -37 49 -88 17 -42 89 -4 28 -48 9 -15 -81 3 -23 -55 61 -80 90 17 -2 72 -89 -53 58 100 30 15 12 19 36 -59 24 -10 -58 99 3 -71 89 94 -64 -24 -35 84 -10 81 44 86 -67 
50 -47 -83 -7 -59 -93 24 -38 -63 -16 65 -94 -36 96 -81 -51 58 36 69 40 -60 70 64 77 10 -28 -70 62 -1 62 40 -18 86 -100 97 -4 80 -30 -89 -72 11 -31 59 84 -71 70 52 -4 -81 -85 34 -30 96 -99 -3 85 57 32 -21 -69 -69 -78 -98 -48 -45 78 -91 -62 11 -63 82 92 -62 -71 -30 67 9 -46 -75 77 89 58 -33 84 -8 -63 -41 -25 -35 12 24 33 23 9 -72 84 -60 30 47 12 33 
-88 20 81 89 52 -45 57 37 0 60 -47 52 -76 77 -26 74 69 88 -57 -75 -74 1 63 -5 4 34 1 -22 -44 -21 11 -89 4 -78 48 50 -60 18 -71 -14 74 48 16 -80 -38 56 -9 86 60 -50 3 2 47 4 97 26 -6 -82 17 11 34 2 -75 -62 53 -36 47 52 57 79 -92 92 67 79 -78 -52 -2 62 90 -50 -77 -53 -38 -37 -9 50 53 -24 98 -27 28 -54 24 13 36 10 94 -91 69 -24 19 
76 -70 93 80 9 78 -14 -87 -5 -22 60 -76 30 67 12 -7 21 28 -64 -9 63 39 -27 -63 53 -27 -54 -17 17 16 28 39 -82 86 53 18 79 -65 -57 57 -19 -87 89 -2 59 -55 24 69 77 30 41 -47 -55 -53 -76 -62 3 15 52 -8 -15 -10 54 22 -30 83 0 -16 -43 15 -96 -17 -10 -43 27 77 -30 28 -37 -53 71 -30 -1 -85 47 53 -30 56 63 -82 -86 48 96 73 78 -18 50 -19 60 92 -92 
-62 -14 100 -23 -21 20 -53 -69 -20 -95 -41 -98 -55 -19 -64 -69 81 -83 -40 21 54 79 74 21 -56 5 -87 6 10 -88 -64 35 36 -23 -58 -14 48 -69 47 58 -90 35 -25 2 67 3 -59 -80 56 24 66 42 -25 -41 -65 89 -41 33 -53 50 5 45 -31 94 89 -71 64 -90 -27 -88 42 -58 40 93 56 18 -70 35 82 90 17 19 38 -39 3 -30 82 40 38 13 -66 -95 20 -17 52 -51 -62 -37 1 -25 38 
-80 -37 6 -25 -91 38 -84 -54 -100 -47 -52 53 35 9 78 -92 35 -100 -74 6 42 -8 90 77 -19 -14 -85 10 -19 -61 -55 9 97 -32 8 76 10 -15 6 31 26 -20 38 -100 -35 47 92 -48 -39 -38 7 91 17 -59 63 14 92 27 43 -54 -51 -32 68 -84 56 -38 -83 93 -75 -100 -99 7 -81 -76 74 3 88 -36 94 -26 -7 -76 -8 -55 -27 51 37 50 73 -44 -49 48 -16 29 -41 87 -50 100 -15 -61 92 
-37 -31 -85 33 -37 -95 -17 -86 -7 -8 74 7 74 -50 9 73 14 -80 -67 -2 -27 93 2 -51 0 -63 -43 98 -58 -84 72 95 5 64 58 -90 -20 -55 72 -95 70 -32 91 56 50 23 -1 24 65 61 48 85 -100 -93 -100 -78 66 -62 2 -1 44 -29 -82 -4 44 53 36 -71 -26 75 -51 77 -19 53 98 85 -49 1 -30 36 -37 -45 -32 55 -30 17 1 56 -36 98 -99 -27 -9 -44 88 -95 100 27 89 98 26 
-63 61 70 -74 -26 -1 80 -57 -55 -89 -71 -3 81 37 -11 10 51 -98 73 83 75 -43 -4 -19 49 76 68 100 57 9 63 2 94 -53 -41 -47 11 71 -24 -42 -29 -92 42 -48 -97 22 -68 -51 -80 -17 -41 74 -87 -96 -53 -62 20 -59 -14 31 71 83 7 88 54 33 -2 -75 70 -39 -92 -89 36 72 -91 -56 98 27 -4 43 -66 46 59 12 -71 -52 -27 -19 17 -81 -11 -24 88 86 15 -33 -95 21 44 43 -66 
-57 42 -76 -17 -56 -60 -30 97 -24 4 -41 -50 96 -16 29 75 53 -71 67 -19 95 -25 34 -63 9 5 90 -64 -93 -26 42 -98 -45 67 96 77 -71 22 -76 24 -2 -36 -53 62 -39 74 28 95 -44 86 44 46 78 -58 5 -29 31 -88 74 93 -40 53 -49 76 -12 53 -41 17 -25 -85 59 39 -10 25 59 -73 55 -81 -73 -50 -62 14 -6 33 -76 50 -60 30 56 18 -48 -70 -23 55 35 -9 16 53 72 63 -94 
-45 -42 95 48 28 6 -51 87 57 45 40 45 -66 28 56 92 52 -11 -5 80 9 29 1 -39 7 16 88 -76 -53 -94 -8 91 -1 46 60 47 0 -26 -33 18 -7 69 -32 -65 39 -99 -49 7 51 1 -69 -14 -4 -74 -77 -100 91 -87 -68 68 -14 70 57 -44 1 3 -5 29 51 -54 -45 100 49 -7 -61 -15 -52 -85 100 -52 -20 -65 -1 -8 63 -15 21 -17 -54 16 -91 66 -9 77 19 84 62 -88 5 52 -25 
39 -35 -87 96 -4 76 -60 -94 -18 53 10 -7 100 -94 -40 23 60 -4 61 33 17 -78 -5 -44 60 50 -82 -19 88 21 -24 -26 -3 -78 -13 64 -15 -31 8 95 22 44 11 77 -36 19 -82 -4 -20 96 -78 -88 -58 0 -79 49 22 20 -83 -3 17 -2 23 -51 31 2 -14 18 -70 28 63 -2 77 -45 -46 -44 -69 4 20 -94 -41 -94 54 -52 90 70 -26 39 -34 41 81 78 96 47 -21 -83 90 -20 38 -54 50 
-75 -56 -62 -41 -70 -6 69 42 58 -32 26 -72 -16 26 -63 42 -65 60 -1 -17 -34 -46 77 -67 -59 75 -62 58 -21 -56 -42 -41 -63 -89 -44 -46 -20 -29 100 39 52 28 -7 54 -92 -93 -9 -2 -12 -82 57 85 28 -100 21 -82 8 -34 -72 55 46 97 -80 -63 70 -25 51 -5 -68 -82 -45 -5 57 -41 -17 -19 -59 70 -18 -33 65 56 -85 56 -82 27 -80 96 55 30 85 -82 -94 -95 -86 -8 -19 -22 7 -70 6 
24 -87 -75 -10 76 22 -37 45 -69 -50 -29 -18 39 14 70 -70 -69 48 -11 40 20 -28 69 74 -26 60 -75 10 -41 -66 4 82 -60 59 100 -69 -9 62 -30 62 -67 89 2 26 -34 -92 -93 8 -88 -94 30 -14 -95 -5 94 63 -32 -64 52 77 79 52 19 3 59 -13 -24 61 72 65 -24 -49 -45 -47 54 56 13 -88 -12 59 -6 40 20 -50 -63 -49 42 77 -84 -56 26 12 33 -25 79 8 38 -5 -15 -5 -14 
-30 6 -94 -85 -56 -74 62 -4 37 -91 99 -91 -31 -89 13 -66 5 16 -1 -69 57 37 -39 -68 -99 -2 10 3 73 86 87 39 76 -86 -87 -4 -97 -40 4 82 -26 82 88 47 13 -38 14 4 97 -51 -58 5 -74 -82 -75 32 25 -62 -5 31 46 59 -62 -92 -7 -57 -40 75 -90 39 -88 4 41 -37 -17 4 -24 -42 100 -59 -27 -47 -6 -79 -96 44 -3 72 -48 89 -50 5 54 60 77 36 -49 -97 35 -92 8 
69 -50 78 35 61 83 -75 -90 40 87 -39 4 -13 35 -87 -44 38 92 4 31 19 -75 63 -27 -33 98 -31 81 -43 97 72 86 -57 -7 66 -28 85 1 66 -76 -64 -66 60 -54 -9 -11 -98 26 -72 -40 -64 -58 54 -64 65 -12 84 -24 43 29 79 45 -76 -55 6 8 -32 30 -94 9 57 -20 -21 90 -35 -72 -35 96 -74 -100 48 -2 -6 -26 44 47 12 47 68 -57 -100 -50 31 -61 -42 -34 75 -62 93 50 -36 
5 -9 51 -25 8 -62 -39 75 -70 41 71 -61 78 -93 41 -92 -72 -90 38 55 44 62 97 11 -80 82 -88 -69 -51 76 -51 -60 -40 42 77 -77 -76 -20 -22 -68 6 81 40 2 87 13 -14 3 0 60 -39 -32 -10 -9 -46 -82 47 -96 -51 25 42 6 -33 -41 51 12 -16 -46 90 -41 29 12 76 36 35 -38 14 30 -31 -34 -42 -3 -22 -51 -11 -73 95 67 -77 -59 -97 49 52 -29 -67 -99 -94 -77 -53 -7 -18 
40 87 -36 17 94 71 45 59 -15 0 49 -42 -29 21 -81 -73 34 38 43 -94 -54 13 -61 -96 -13 -7 -50 100 -32 0 14 -89 -39 52 18 66 5 99 44 16 20 64 82 100 -15 16 20 66 -37 85 96 80 -46 -72 -54 2 60 99 -13 -79 84 -82 51 0 -34 58 -67 -2 34 -84 54 85 61 -26 -14 12 81 -49 55 79 -45 -37 -95 83 -52 -4 -32 -19 95 -78 -77 -29 -73 64 -37 15 84 36 -94 14 -71 
68 23 56 75 40 -12 -40 64 -60 -34 -91 71 -10 56 -38 -97 -3 51 -45 35 -51 13 -98 -56 -4 -35 -97 -68 33 60 -37 79 -60 -24 -57 74 -67 -35 -30 -72 -90 5 -60 -99 -90 -15 -16 70 -31 -93 13 -61 65 -66 22 -52 46 36 -61 -66 64 -39 71 -84 59 35 -87 87 -73 -92 95 -85 40 96 -26 -70 16 39 -55 -40 -10 79 -43 -100 -74 50 7 69 -26 -71 99 -67 -24 61 -88 87 -51 21 -10 41 -66 
30 -72 58 -61 -51 14 -29 -71 -86 61 47 43 -83 -13 21 70 -22 -32 -57 60 -47 -62 -33 52 -9 30 -49 -93 34 19 80 -32 -67 -31 -37 82 -16 -87 -28 37 86 91 42 76 -79 1 15 -34 15 -78 87 -32 73 5 21 -42 47 -90 39 70 14 -63 34 -85 -74 61 87 13 -5 63 36 -59 49 -100 25 31 77 80 -83 -63 -4 -59 51 79 -89 64 -77 58 -82 -49 -18 -60 48 69 -96 -45 34 -43 74 74 -97 
-34 -10 17 12 -10 -50 7 -77 -92 -97 -94 -84 -91 -66 -28 -31 -93 29 76 -71 -86 99 54 52 -26 -78 23 74 25 70 -81 -19 -63 -25 65 4 38 56 -98 -32 -11 -31 -63 -44 -52 75 -62 -98 62 7 95 19 -18 -94 30 -54 -46 20 20 5 -82 -16 13 -49 36 -25 87 -1 67 26 -68 -18 -97 -27 -25 -96 96 -65 47 17 -96 -10 25 1 54 12 61 22 31 -51 33 49 -11 3 77 -74 28 83 -39 -88 60 
53 59 -83 37 -90 61 -35 56 20 -13 -23 -82 -10 42 -51 81 78 -93 -78 -50 -35 -95 -1 83 -19 -47 68 -54 -69 100 86 -57 -56 33 -43 12 19 44 -61 -56 2 -34 39 6 -98 65 10 93 14 0 -50 93 53 -75 75 -40 43 83 -89 -95 -60 -94 -77 -63 81 90 68 60 -90 -3 11 62 -57 -56 -56 9 -47 30 68 35 100 57 -96 -29 24 -81 29 -93 -45 10 54 45 -36 76 -12 89 -20 -2 7 68 88 
-17 -76 -38 34 -58 -59 -14 89 -89 -14 35 75 41 98 -43 -89 -94 -91 -14 -88 99 80 39 91 -37 27 9 -2 -56 47 -62 65 -30 -64 -16 -8 37 -55 -31 12 74 54 -49 -77 16 41 -98 -44 45 93 -50 74 -10 -76 7 10 0 75 91 -66 -34 14 38 90 28 -12 11 -51 -60 -56 -10 -69 36 77 -52 77 -35 -69 -60 -12 49 -76 59 95 -34 -12 26 11 -64 -29 67 -77 -12 -14 -75 53 -20 75 54 81 -21 
75 32 -36 38 -21 34 76 -54 5 -78 54 -99 70 -52 -33 -83 86 7 34 -5 -5 -78 -16 -31 85 -48 79 23 -17 2 -34 -37 -12 -40 -81 89 27 -44 -33 -68 -45 -7 21 -20 -40 18 97 85 76 66 44 -52 -4 72 -38 33 43 -82 -35 -23 85 -95 -35 12 61 -20 -70 91 28 56 -73 34 -11 -18 -91 7 -49 38 -14 -75 -21 21 19 67 -46 -37 -58 7 -84 100 -84 -81 28 -58 -73 33 34 -27 -14 20 63 
-70 -3 -65 91 63 -77 -15 -75 -40 -77 -24 4 64 -67 83 -46 -82 41 -39 -99 -9 69 -63 45 -5 14 65 88 -58 72 22 53 38 77 -48 64 65 -76 70 98 85 88 4 -51 -46 51 84 6 99 41 60 -96 10 25 39 -51 42 -5 66 81 62 -94 82 51 90 64 66 42 -15 -34 -62 -32 21 -26 93 -35 42 2 -44 97 67 3 41 -20 5 -30 -6 -72 -88 68 -41 32 98 93 32 -44 29 37 -80 -90 -38 
18 -84 44 54 31 -61 37 -100 -31 14 -30 83 -71 71 -45 -66 -95 -10 -69 15 10 -71 -49 -28 61 -87 25 82 6 -19 14 -60 -9 -13 -41 -76 28 71 -5 98 -56 -55 14 30 81 -69 -43 -37 7 -33 -35 50 -88 95 -66 14 -84 -82 93 -17 -37 -49 54 -64 -63 16 56 -34 63 -98 31 -98 55 -39 -49 -68 -30 16 -6 79 -49 31 -64 19 -84 -1 -60 22 17 -75 99 33 26 37 -50 46 -87 -9 53 23 10 
-47 -64 -23 42 -11 -29 -69 75 -61 -50 42 81 -98 -55 41 25 -22 -66 -44 38 61 72 48 -28 12 -93 0 27 -18 59 -100 73 26 0 65 -6 -95 70 10 -77 79 76 37 27 15 -32 5 93 -46 50 49 43 90 52 -80 -34 -42 -82 -54 -60 -20 66 88 -12 -43 52 -20 35 -25 -64 50 -60 -3 -93 23 73 54 -66 -41 35 -42 95 -20 -55 84 83 -1 -36 74 15 38 36 35 -48 -64 -27 6 -100 -86 60 82 
44 78 -53 71 -81 -4 -8 53 31 -72 72 18 30 -74 -29 81 99 82 99 -37 61 -26 -48 95 -18 -57 -8 -94 81 37 42 84 81 14 -36 -96 11 0 -47 40 -84 9 11 21 -29 11 -1 -41 -88 -69 -90 8 84 49 -11 -72 27 -100 48 -43 5 51 -37 38 42 -56 85 -38 -3 26 80 99 -41 -75 1 -87 66 -54 -17 24 67 71 36 -65 -87 34 -51 54 69 59 -50 47 27 62 99 -1 -1 40 -7 -55 15 
-77 -51 -100 -66 7 3 -50 65 -71 -63 81 -44 73 -11 58 -8 86 -1 66 -67 37 69 21 13 -43 -63 -55 59 -14 45 63 64 9 57 -16 -56 36 -56 -55 -72 10 -77 16 7 -26 -10 69 93 51 54 -53 24 99 -64 -17 92 11 95 -30 70 -5 96 8 18 83 -94 25 94 -28 -29 88 -92 -61 30 77 54 85 -73 27 27 93 5 30 69 -32 -56 -87 -39 80 -69 1 -46 -60 64 -26 -41 88 66 -95 62 -84 
-62 -46 63 -59 -67 -76 -11 67 55 99 51 -12 -27 -80 1 -31 3 95 -15 82 -49 -25 -21 16 -10 85 -61 8 -50 55 -10 -4 21 -14 -87 -42 -16 96 33 -66 -100 62 33 64 -48 -16 -63 83 39 -77 -43 -76 -61 40 -54 -86 -43 47 -77 30 -6 31 64 41 81 -60 43 92 36 32 67 -18 -33 77 -38 -32 -78 -17 -10 -1 26 63 -16 1 -34 43 -44 70 81 -30 13 33 -83 -86 67 51 16 -5 20 -18 9 
100 8 55 8 64 -28 -85 0 -57 91 31 -49 -59 -62 38 28 63 -26 60 -88 -22 -40 80 81 41 -74 -3 -75 98 15 68 -13 -1 -39 42 -70 -34 -96 -2 -19 60 88 -93 85 100 74 -99 -70 -45 91 -83 97 -44 -45 97 92 7 -10 -13 -12 72 -8 -91 47 -16 -41 -65 -54 -49 92 -100 -91 85 -75 68 73 -97 5 -5 37 78 42 89 -84 -15 -59 86 -38 -98 12 -48 -29 -25 -19 11 11 52 65 88 -87 -87 
58 -91 79 -15 -36 36 -46 58 -95 -50 -55 28 -16 -52 0 44 87 84 -40 80 98 29 -4 17 -98 40 -16 -16 -43 -5 25 -54 33 -94 -26 59 69 -22 88 71 94 -36 -36 69 87 -92 31 -24 22 97 -33 93 -18 22 -32 -36 49 -34 -77 25 49 22 61 50 18 30 73 -19 72 -2 -26 -17 2 -62 9 -21 -4 97 -39 -96 24 3 -46 -45 -98 -58 -74 3 28 39 -26 32 -61 79 21 23 19 -92 85 75 40 
21 -3 73 77 -85 -77 -35 -34 -2 33 -51 -46 -83 -48 -12 99 92 -25 -38 55 -56 21 26 -80 35 -50 75 78 -5 94 -35 -10 -1 2 9 -26 -46 64 -94 88 8 69 84 69 44 53 85 98 -9 -86 90 29 -99 91 0 -59 46 -80 98 73 81 70 29 -33 -12 5 81 19 -99 88 -100 38 59 98 16 -85 71 -44 69 33 75 4 34 -39 38 -63 -64 33 65 -82 -45 -18 -88 -40 -33 84 43 54 -22 62 -9 
0 -75 65 4 82 -61 -50 84 25 -94 -51 65 -72 -97 -65 50 95 79 -22 -8 96 -82 3 0 -83 -31 -59 71 -84 33 -36 -51 19 14 47 60 73 -38 12 23 -26 41 65 67 -65 62 -60 -76 90 -81 -85 16 7 37 82 -79 80 79 68 67 -81 88 46 -99 14 86 -97 36 -13 15 -73 22 -42 1 -81 -23 86 -28 59 -99 -99 -15 83 35 -41 4 52 37 -74 -52 12 -24 91 -68 -49 63 -29 -5 -53 -74 -14 
-82 84 -18 35 72 -16 -23 94 -39 -58 -95 -53 -84 -35 -5 73 -24 -79 -49 4 3 -47 -27 11 -2 -8 -1 30 -38 -94 71 -1 20 -60 11 5 87 -38 87 -35 96 -76 8 -41 -33 -53 63 -39 -94 5 87 -95 -65 17 89 96 5 -71 55 26 -13 7 78 74 85 57 61 -17 17 -20 34 -86 -92 -55 17 -28 18 -60 76 38 -46 -66 -95 -29 -29 74 -86 80 58 9 61 9 24 -13 -60 77 -42 -96 -63 90 100 
80 2 14 33 47 -17 60 -73 -83 -80 -50 -58 2 -28 94 82 57 64 -25 89 -63 31 -19 -30 67 -21 -87 -2 -61 38 9 48 34 75 91 27 -2 76 67 44 13 33 47 -58 -10 25 -6 -46 56 -43 -18 13 35 22 -87 69 -71 27 67 -44 5 -21 -76 28 -35 -75 -71 -8 26 -34 90 36 -56 82 -36 -49 63 -69 -49 22 2 48 -30 68 -89 28 1 -11 -5 39 -48 50 9 98 43 24 3 18 -89 -29 -73 
5 8 71 89 -68 -33 26 39 -65 -28 41 0 -25 74 -80 15 -41 80 -85 19 62 -72 -51 45 -77 6 37 33 83 61 21 -54 -13 53 21 -84 28 21 65 -19 81 23 -94 -42 -9 54 92 -74 75 43 -11 93 -88 -21 -100 5 2 65 -55 -99 45 -64 47 70 -91 85 -59 -27 -35 87 62 -73 -20 -77 -4 -92 -36 -24 -10 13 26 -25 68 -27 -93 55 93 -25 31 76 -93 10 -69 76 37 -44 30 28 -19 24 -43 
-14 75 87 -89 69 -27 -70 42 87 -90 1 77 78 44 -76 45 73 37 -8 -28 17 -77 -88 38 -47 -61 40 -51 -46 14 3 9 86 44 -87 73 -67 -75 96 -35 83 -51 70 -37 0 -3 -21 -45 -88 26 -3 -34 -6 80 48 82 8 -53 -90 5 50 -55 96 -68 -64 -30 9 7 -62 -22 5 -34 -50 56 80 94 7 -93 24 62 -70 -88 46 5 -76 -98 -98 82 20 -60 57 -43 -34 45 11 18 52 -43 -18 0 -18 
-1 96 47 74 68 52 -5 -41 89 -2 -100 -16 -45 75 -68 -30 -52 28 37 -46 -61 -91 -19 29 98 -68 -8 -87 -35 66 -67 37 38 -88 -86 -9 40 64 51 99 -45 -69 -47 84 -52 75 95 -43 -11 -72 41 70 13 -73 60 12 -12 -58 20 -72 -72 -46 99 -40 45 63 66 84 -76 59 -69 98 -49 -22 94 -18 42 35 -23 12 -6 26 26 -30 -6 -34 64 -66 -70 37 -12 71 71 -33 -91 -23 54 96 -63 58 76 
-81 8 7 -38 34 87 88 83 -23 14 94 66 7 72 -55 60 -11 82 5 -8 84 -41 -69 11 -6 17 29 -41 -100 14 -75 49 -66 70 -5 91 -10 -36 77 100 25 65 -20 13 23 -43 95 -52 76 -69 3 -85 1 -3 -21 32 10 -21 33 -77 -71 84 -44 9 56 -56 -34 30 72 -20 -3 -72 -67 -58 -48 63 -96 -28 54 16 7 87 74 -40 -6 -82 73 -15 61 -68 -4 43 91 59 99 4 43 16 11 -46 22 
-2 91 -73 -24 -31 -37 94 -60 -74 52 97 94 -7 -67 -80 100 -84 32 23 36 -44 -80 84 -15 -94 -70 3 43 35 -66 -69 -26 -53 26 72 -97 -68 55 88 -15 -68 -26 51 74 -96 78 77 -44 35 -31 -87 -17 12 68 47 -71 22 90 87 -76 21 9 -39 4 -82 -37 23 -36 12 33 23 -34 40 90 -71 43 55 97 10 -58 -76 51 -89 14 -26 -94 67 -81 54 87 -34 40 18 -65 61 -21 15 -70 -80 19 78 
-20 -18 58 26 -71 59 -4 -32 -76 -31 61 76 -93 -12 96 9 -75 -54 -83 12 22 8 4 -87 15 -73 0 -12 49 59 62 -71 21 -41 -20 -52 55 84 -93 -9 -35 90 -14 69 52 9 24 10 -52 46 77 -47 -99 -96 36 -1 -65 -68 26 65 -4 0 55 53 -59 71 -83 34 -46 5 -1 -82 -17 94 74 30 -60 -51 -82 -42 32 88 -38 65 -67 -15 -56 1 68 -42 -16 15 -96 -70 44 -90 75 -57 -48 49 -66 
-25 55 -88 90 -87 37 -38 -60 -38 10 -74 11 96 -29 70 -27 -55 9 96 25 -24 -27 -13 43 -70 -8 37 69 -52 -94 55 23 -22 -25 99 90 22 55 -2 -55 -40 -33 22 79 5 -17 -89 49 5 -50 71 55 -55 13 -99 42 -9 -76 -93 0 -25 -69 28 -47 -50 -13 100 -84 -17 48 -25 80 -53 28 81 -72 9 -56 -65 -86 -17 38 -82 -14 -48 99 -93 -38 -29 97 20 67 -72 71 -23 83 78 46 65 48 -73 
15 -44 -55 -53 -13 -22 37 -52 -60 -42 87 20 33 24 -40 56 66 -63 -72 17 55 -5 37 -25 3 -84 17 14 -100 -70 -78 26 54 -2 44 27 54 -7 -45 35 -31 -22 98 -94 -24 30 -16 -73 -98 68 -50 -17 -38 93 70 -80 -47 11 -75 40 -32 -98 -87 4 16 59 10 23 -25 -23 -98 67 37 -95 91 -48 -87 28 56 -94 -62 20 -54 -16 -50 -25 -53 53 -36 -97 -6 -96 -97 22 -53 -43 -67 -45 -67 100 64 
-32 -30 -89 22 100 -64 33 39 -3 31 7 -71 -55 13 75 -74 -34 -96 30 31 -35 -90 -71 -93 99 6 38 83 8 -1 -73 -94 24 4 8 96 9 33 -95 -34 69 71 -41 62 22 -71 54 -12 60 -54 27 -6 11 4 -100 47 78 -43 -8 -71 -13 53 -80 99 -72 -33 60 -55 90 -90 17 -50 96 22 -78 -2 7 -39 -56 50 86 -56 61 -49 -27 33 2 -28 -24 61 -84 -57 5 74 -11 7 77 -56 -76 -36 8 
57 -38 -62 11 -33 70 -88 -19 94 96 -34 -21 0 -72 20 -15 91 51 88 -85 -73 -33 14 13 91 -61 -76 -7 -73 -92 -40 81 23 -56 69 -2 -9 -30 26 -54 -83 -59 -9 90 98 24 36 -91 -68 70 84 78 41 -21 -97 40 -10 92 -27 -36 -7 16 42 -46 26 -92 49 -36 -84 -59 36 -2 81 93 -55 28 81 -25 -42 80 -91 45 45 84 -63 50 -99 -1 95 -15 -30 -89 -43 11 -78 -16 -13 -41 70 2 -21 
-46 94 -6 -24 57 98 -67 30 14 -15 79 42 -21 32 -64 73 35 58 -54 -57 -80 96 -32 19 65 -80 -1 6 2 54 -77 -78 96 -8 2 14 57 -67 -56 -83 46 52 34 -79 -16 7 -70 -8 -33 63 -93 -16 22 -74 -49 82 0 -20 -58 -97 -100 29 55 -27 92 26 -4 -70 61 63 88 19 6 -13 96 -75 -46 -77 87 34 -68 -89 -9 28 38 18 -76 11 17 45 -15 -65 -70 -51 10 44 -89 -34 47 -17 -72 
80 -46 3 -67 -38 -26 7 53 -66 -7 7 -91 60 -15 -54 14 -13 17 44 -71 51 46 -91 -83 -49 86 30 -56 57 -13 -45 36 -68 -65 -77 91 9 -12 -86 -61 -61 59 89 63 -95 -75 -39 -32 -84 84 -12 77 0 48 73 -34 20 -24 -58 -86 -34 -20 26 -95 -31 42 -9 44 -19 -5 -69 29 -1 -19 7 -35 -11 82 55 92 62 -35 -36 58 -98 -21 -56 -48 67 99 -86 1 -3 96 77 -92 -80 -65 -6 35 -12 
-19 64 96 51 -73 68 -40 32 -9 68 55 38 63 -17 30 -68 -98 -11 -19 58 64 -79 15 -33 69 -3 -55 30 33 76 97 -74 62 -99 -71 -99 96 56 -39 44 -46 -11 -76 -90 -5 -35 -20 -13 -17 -96 53 87 -33 -26 74 -47 80 -26 73 -71 67 15 85 22 61 55 -91 28 -42 8 81 14 30 -55 85 -53 41 39 17 42 68 86 79 -88 21 -83 -51 97 54 -16 -29 94 5 82 51 -99 8 54 59 -59 78 
42 -56 86 -20 -67 79 -29 21 35 0 63 59 -44 -68 63 -65 99 31 54 -46 -94 -56 19 73 -90 -55 46 27 -12 -18 -55 -43 -31 -2 47 60 34 2 87 34 7 -31 -82 -17 2 -56 35 35 -3 -96 11 -15 -60 -16 46 -75 -14 -73 -49 52 -36 -58 60 -2 88 -67 -83 -85 66 49 3 -79 45 -90 23 -27 6 -59 -58 22 61 -2 72 97 -49 -10 79 -43 57 2 25 -97 84 33 -66 -28 -84 -6 -54 -37 28 
72 -100 -34 -54 42 10 -76 29 -100 70 38 90 65 34 -63 -21 88 -63 -100 -70 54 29 -26 -52 -3 -6 -37 11 -74 26 -5 88 -54 -87 67 96 -16 52 -40 -50 76 -20 81 72 9 -13 -29 4 -76 -28 72 -4 -40 4 -67 -85 90 14 95 15 -20 90 51 -62 -1 12 -2 56 44 40 -46 -65 -82 84 42 -25 5 63 9 68 -100 10 -97 -51 92 30 -90 81 36 10 -20 -39 97 -18 42 2 -96 38 -23 -61 -18 
98 51 15 17 -94 -74 12 -56 -22 -92 -30 -34 -69 -71 -78 -80 69 19 -58 37 8 -25 -39 -69 40 -54 92 42 -67 -46 -78 -60 -47 83 4 54 -26 -21 86 -41 52 52 -30 -50 23 -23 20 32 -25 86 -31 99 96 54 -52 56 -49 57 -40 97 -27 97 -46 -60 46 87 -9 88 -45 -83 -39 52 42 -67 -74 -53 -85 -86 -63 26 -16 2 -9 54 -67 -71 18 -42 17 8 97 -16 71 -90 49 -3 -62 25 -31 -43 -36 
-60 -29 66 -13 -17 -5 70 90 -60 49 45 95 -12 72 -64 82 -49 -58 -96 -8 -20 43 4 61 16 70 -30 8 -100 -12 23 -28 -30 46 -57 56 21 -36 99 -52 -54 -86 -89 49 10 82 19 -68 -39 91 -85 -47 -19 75 -30 -62 -36 -82 -53 -21 53 -89 -21 -79 97 -87 92 -25 -99 -75 1 20 -48 90 -22 -33 67 -15 -60 59 -86 -88 39 -40 -51 17 75 -95 -1 50 6 -41 66 71 79 -39 94 64 -100 -3 54 
89 37 51 -87 -91 55 60 60 2 -99 63 -53 -56 -6 87 -64 2 -32 58 17 4 23 64 44 78 -20 -66 61 -50 96 -48 -87 -23 -18 -96 70 66 33 -70 26 69 40 -85 -16 -10 -95 63 67 -57 -86 91 -3 14 -24 -76 46 -84 84 80 59 -22 -83 -11 -9 -83 -49 -57 63 -91 -12 93 93 -11 -77 87 36 -76 14 25 -82 84 -28 -85 -84 -98 92 85 14 -47 65 -27 41 70 -75 -76 2 3 -44 -86 5 87 
27 47 -98 17 1 -71 -12 73 71 51 92 81 -29 48 -99 -93 -22 -16 -20 -33 -2 88 -42 -16 6 38 95 -6 7 -6 -66 -74 10 49 -98 -3 -68 -32 -22 43 1 13 -34 -34 4 -83 18 -7 -2 17 34 43 -67 -22 -22 -21 69 -73 64 -72 -19 41 24 -47 85 -43 -63 -70 -57 13 50 80 -6 64 80 -84 -31 90 93 -66 -40 -63 32 90 87 -59 -74 -79 16 -96 7 100 -47 -28 -41 69 -22 -29 -56 56 12 
-98 61 -51 31 70 18 -31 -35 31 -65 -95 -82 1 63 -56 -53 -2 -1 40 7 -16 23 -24 -34 6 -53 76 80 -35 3 48 75 -45 46 -83 -90 -97 -51 -17 -11 9 -28 -76 -99 -24 -30 39 -12 94 -20 80 -37 -37 -99 54 69 -48 71 -18 -82 -87 81 11 -36 -53 71 -37 0 81 16 -53 -64 77 49 -74 -79 -97 -51 50 47 52 28 -96 -30 23 18 -6 45 65 -72 48 80 82 -68 0 -98 70 -37 64 -10 -76 
18 -60 -2 -13 -65 -59 -100 74 90 87 44 -83 37 80 59 -75 -55 97 12 35 -48 -58 -54 10 -29 90 -11 -11 3 47 69 -21 -78 70 -30 64 71 60 -44 -80 -92 -97 -73 -4 -5 22 -11 43 -75 31 -23 4 37 -59 -69 -11 -72 -88 62 81 39 20 -10 -31 -19 51 -45 31 30 65 -10 -98 34 82 -90 99 -68 9 85 -12 35 -63 44 -64 -90 -80 -76 -28 -56 -95 56 64 35 5 -35 91 -85 -44 -28 42 -93 
63 33 69 76 68 3 58 -4 -30 0 6 65 -11 -16 87 -7 -29 40 42 6 93 66 -45 46 -9 60 -59 94 -31 86 52 -64 78 82 -81 -24 87 -43 -75 -93 -71 -2 10 -99 -86 -45 67 16 100 91 -2 74 -4 74 -69 60 38 -76 -79 9 27 39 54 68 -86 34 -83 -14 -8 -3 67 -68 -7 -72 -57 46 67 -78 56 -42 36 -63 -90 -31 -47 26 57 -33 -84 -63 -22 -99 57 0 -76 12 -62 7 57 -16 -30 
85 89 25 -37 -41 -3 79 -36 -42 -26 83 -75 95 -17 89 30 -61 -81 54 61 55 35 -39 66 46 100 -2 -59 -74 -38 -16 -44 100 -82 -100 59 -88 68 91 -86 -56 76 -60 36 20 73 17 44 42 14 -68 -48 -4 -89 -13 4 -98 -65 43 88 -5 73 -17 1 78 66 79 8 89 23 -3 69 73 -100 23 -78 -65 16 1 51 8 77 15 59 -50 2 -81 4 22 51 40 -71 86 48 -73 -61 -29 -73 -30 49 42 
-39 -39 -45 18 86 -22 -12 -63 -92 -91 -15 85 27 26 14 11 65 70 16 38 -67 40 -95 42 -35 43 -22 89 56 -5 -51 33 94 38 9 -84 23 69 27 78 -87 89 -13 85 -86 -35 -54 -30 -92 84 13 -34 -87 -85 59 -68 -11 -20 88 -37 -4 38 48 -100 -38 -94 87 81 40 35 -85 -21 30 -47 -54 -16 -46 -11 35 -37 -100 8 -32 31 19 -63 -22 -84 -93 -69 -12 -86 -8 -87 -64 51 6 60 -22 8 78 
-15 -20 40 14 7 -74 49 -79 45 -13 24 42 -13 -69 94 -82 -81 7 37 -47 -40 -73 -2 50 61 25 31 -19 -12 -49 -80 -24 60 -56 -23 -3 -80 -79 -43 100 99 53 -95 -15 -25 -2 -45 17 -44 -6 28 24 -68 -22 76 -43 -3 84 5 -90 19 28 -93 -64 -5 66 -63 96 -53 29 -33 82 32 -62 -69 -32 28 39 -35 63 83 35 64 17 -46 -48 11 -17 9 -73 40 -37 84 39 -77 -26 -50 -39 -9 -27 -91 
25 -40 -67 -54 31 -60 -50 -35 19 59 16 98 -74 76 35 -66 59 -71 63 14 -16 86 -52 14 -100 -72 84 -62 -32 -48 -46 76 43 -90 -75 -11 -64 79 3 -17 66 -45 90 -18 59 47 7 93 5 80 89 -37 87 69 46 -74 -42 -22 7 21 -86 1 26 78 97 32 94 46 -89 -31 81 11 -62 60 6 -31 -31 42 -11 -31 -7 -6 58 42 -12 -54 -85 66 10 30 -51 62 -79 39 89 -62 46 36 72 -10 -74 
88 47 21 -59 -66 97 -1 14 94 30 51 -81 98 45 60 97 -79 -51 20 -51 -61 76 -64 -89 -16 17 45 -95 -42 -56 -84 -57 -50 14 69 -30 36 -56 -56 93 -92 -89 -65 40 0 66 64 -90 40 89 40 -76 -80 -94 67 80 -6 11 61 -84 -80 75 -5 -87 39 25 0 -26 7 38 -43 -43 85 -98 -84 49 45 -39 -5 -32 88 38 -48 6 86 -42 -15 -32 81 -78 46 -71 3 -77 -91 -9 65 -49 -70 50 -16 
-20 -45 2 56 48 90 72 40 -46 3 95 -73 -94 62 46 96 34 -49 -92 -15 97 80 19 43 -69 -93 -5 -87 -48 -99 37 -60 83 -6 62 -1 98 16 -34 -2 -5 55 -73 -61 5 -57 25 -8 -7 2 -27 43 76 -6 60 -87 -85 -70 66 -98 -99 -38 -14 -79 -33 -30 92 -37 3 61 70 24 65 -26 -76 95 -9 -43 80 87 26 70 -40 -57 76 -49 -35 -32 -58 -45 79 -15 30 29 67 47 94 65 -52 -90 71 
-5 55 23 85 -21 60 -15 97 83 -20 0 6 10 -10 -65 -66 -38 57 -91 -38 53 40 66 -48 56 13 57 28 -13 -24 81 26 -20 73 79 2 91 -37 -53 -2 -62 -80 39 -3 -61 13 -42 77 16 -9 -83 66 74 -29 65 -46 -53 -50 -65 2 44 -35 42 49 41 -3 58 -60 21 25 15 94 40 52 -12 -21 -57 -73 -11 44 -43 31 24 -36 -88 -87 53 16 -52 -99 -76 -72 27 72 -32 -51 -16 -32 2 36 80 
-43 -34 91 -45 -35 -39 90 -86 -77 70 -14 26 -91 87 20 95 -82 41 -20 -74 -42 30 85 -14 -56 -24 -46 -53 -50 -58 14 68 -22 -88 -84 83 66 66 44 -91 -75 54 -13 -6 -50 -66 -12 99 -21 -99 -20 -36 -91 -63 45 -10 -54 -1 81 -2 65 61 -75 -3 -58 79 -40 43 66 -25 46 -6 53 -2 49 -40 34 33 59 -52 68 -93 40 76 36 88 -57 -64 -29 -32 52 41 -68 96 -30 87 -98 65 -97 66 72 
-20 -61 47 -68 75 95 33 32 11 -65 -51 -98 -47 26 -68 79 -13 -26 -72 10 -88 -74 -40 -53 74 82 -20 82 -75 -76 33 -32 -49 -32 -67 96 22 95 -90 -96 74 -89 98 10 23 -53 58 -39 -13 59 -38 -6 0 71 33 3 -55 -2 60 -33 -33 -81 96 85 -26 33 -43 76 -25 16 21 41 -85 -73 -4 85 72 -100 63 -82 -52 52 17 -59 -82 77 -90 -89 -47 -29 91 -46 74 26 74 -19 21 92 85 -23 -59 
58 -69 42 -36 6 -78 65 -50 -4 -57 75 22 57 98 56 -79 -34 43 -36 60 -91 92 68 93 -23 31 27 -55 -68 16 25 -79 42 -71 26 32 -28 32 -61 -76 15 88 86 88 2 80 -2 88 -60 -65 93 8 -25 31 24 51 -26 48 51 61 72 -14 83 -6 68 29 -52 -22 -43 48 -50 10 20 52 -30 12 -19 -91 -48 17 77 -2 -20 -23 -62 62 -4 18 97 49 99 20 20 -19 -56 -46 -63 -29 35 39 -11 
-38 6 28 -4 99 49 8 -57 17 -62 48 -32 -53 -40 74 1 65 52 -33 47 19 46 97 94 48 -30 -31 -32 -85 24 -40 -50 69 -57 10 71 12 79 96 47 76 87 -99 13 -79 87 -53 -44 21 78 -52 98 -79 89 40 8 -70 -69 65 63 77 -84 52 -60 -19 41 -38 -23 71 -28 -6 -31 62 -43 -65 -49 -54 54 1 41 -54 32 -95 62 76 -93 -68 -97 -43 90 -57 -70 -95 -72 40 -30 -79 4 58 -38 -42 
-34 -16 38 98 -77 70 7 -51 -15 -86 -12 -91 -73 64 -26 96 27 -15 97 2 -19 -31 -11 86 52 -3 -75 -64 -94 -5 45 -11 -65 87 27 30 -41 -43 -23 47 91 -12 74 35 -62 99 -56 22 -73 -11 89 -83 -55 -16 81 -24 87 57 44 80 31 34 47 -87 -44 -99 -6 -23 -48 -99 3 66 66 -12 89 -86 24 -46 30 -56 88 27 76 61 86 41 -83 -25 -64 80 -80 -95 98 -52 -58 59 50 93 57 96 42 
100 -73 33 18 -50 8 63 39 -37 -42 44 15 -5 80 -27 -13 -45 51 63 -33 76 10 30 90 97 -18 15 -75 -81 -9 -78 94 81 83 -59 -64 9 -3 -38 3 -62 -94 -70 -88 37 94 -55 67 -26 31 -12 -57 -38 95 -28 5 -58 -61 63 -30 99 -8 -43 -72 48 20 54 57 76 94 -90 -49 -7 -10 -40 92 30 82 -29 -15 -5 25 37 91 44 -81 64 -77 -60 18 -64 -8 -68 -78 43 -74 27 59 2 -87 -80 
-31 -10 15 -42 -42 11 27 -68 9 70 42 3 77 -50 -12 -79 71 61 -12 31 -69 82 80 -84 58 94 -72 77 65 87 13 -87 43 45 -75 3 -68 32 -38 75 -34 35 26 -2 -28 54 -66 -96 34 -84 11 12 -23 -98 80 -54 -8 6 41 -26 18 -44 -99 33 54 -98 96 -11 15 -6 -50 -27 38 55 -30 -76 36 -39 55 10 -70 -53 -78 92 -49 -70 -84 59 -59 -15 16 -16 -62 62 -48 11 56 20 -2 -81 81 
68 41 -20 68 58 -72 41 -55 -57 -84 25 -12 27 84 -37 -47 -31 -38 51 65 -76 -75 90 -86 -98 -57 36 38 -19 -35 0 22 -12 -99 -63 -16 -41 -26 19 -38 59 78 86 83 47 58 -37 51 -7 -2 -28 53 -95 -48 -20 -24 82 -51 -2 -38 -69 -39 71 91 -49 -25 -38 37 -39 49 -32 32 42 27 -55 -52 2 -19 -11 91 -1 63 7 1 -47 16 -61 91 -39 -22 -17 22 28 73 56 -76 18 -92 68 44 -83 
48 -45 28 57 -59 76 -41 51 39 -21 -44 1 73 16 -92 39 60 96 17 83 -77 -40 31 -62 -90 -24 20 -94 100 -80 96 70 0 1 7 28 -100 -82 54 52 14 -26 96 28 60 68 40 -29 4 52 72 -87 -60 -45 -89 -58 -99 99 -88 -17 87 -55 75 38 -46 73 -25 95 -65 -52 -25 -42 -51 -58 -30 -59 -84 83 34 -46 -31 -69 20 -87 -84 -93 5 60 69 44 90 -22 -32 -94 -3 73 -29 -99 31 66 63 
-12 63 67 92 36 18 21 29 49 -32 13 -78 30 80 -27 -45 68 -85 -32 62 65 4 62 -4 -86 33 57 -78 -50 34 80 -79 14 28 32 -42 -93 -89 20 -7 55 -12 -81 62 90 -13 21 -84 52 50 -54 -6 59 -74 -32 -12 -43 -44 -87 20 70 -96 -13 -18 17 42 86 80 -15 32 98 -18 -36 81 83 -53 75 -99 53 -77 -94 -50 91 -73 11 81 93 5 -8 51 1 -19 40 -77 34 37 -11 0 -17 -65 -59 
27 -82 21 -96 4 -5 -29 -28 50 -88 16 -73 25 14 81 -50 99 -16 -99 -99 -72 -69 -21 14 26 88 -14 34 86 -48 100 -73 16 -30 96 -67 29 -48 74 -71 -34 -80 29 78 21 32 43 65 85 1 -85 -18 -38 30 63 -100 55 -86 71 82 -37 18 -97 -55 52 94 -40 88 -62 -47 -96 86 6 41 11 66 90 -22 58 41 -84 61 -7 35 88 53 79 -98 -19 1 -60 47 4 -31 79 -64 94 -32 -85 -71 -39 
-79 -32 48 2 -84 36 -29 13 19 -3 -16 38 99 -61 92 67 17 48 -35 62 -33 17 37 -46 -44 -46 19 10 -43 -72 25 12 96 -20 -45 84 -29 25 75 40 45 70 -75 43 4 -75 -67 -14 -96 -19 60 9 34 3 -77 -76 -64 -18 20 72 46 3 -24 18 70 -77 -23 46 -90 28 -5 69 11 92 -76 10 -12 68 77 -45 -85 76 -55 -100 82 67 -35 95 -62 100 -25 86 83 84 -69 -4 -26 -53 28 -61 -65 
